50;0.8400000099999239;1.356876376854652
100;0.7323000099999357;1.375144108326287
129.2929292929293;0.6951000099999398;1.380724544017473
158.5858585858586;0.666400009999943;1.384750290876418
187.8787878787879;0.6442000099999454;1.387832897665882
217.1717171717172;0.6248000099999476;1.390291504818719
246.4646464646465;0.6086000099999493;1.392311518768375
275.7575757575758;0.5946000099999509;1.394009138408087
305.0505050505051;0.5822000099999523;1.395461451328815
334.3434343434344;0.5716000099999534;1.396721931591177
363.6363636363636;0.5612000099999546;1.397828992586155
392.929292929293;0.5521000099999556;1.398811064159015
422.2222222222222;0.5438000099999565;1.399689698747691
451.5151515151515;0.5361000099999573;1.40048157250306
480.8080808080808;0.5291000099999581;1.4011998329683
510.1010101010101;0.5225000099999588;1.401854981221776
539.3939393939394;0.5163000099999595;1.402455548342491
568.6868686868687;0.5105000099999601;1.403008529339572
597.9797979797979;0.5051000099999607;1.403519732714976
627.2727272727273;0.5000000099999613;1.403994014759858
656.5656565656566;0.4951000099999618;1.404435476453978
685.8585858585859;0.4905000099999623;1.404847621104664
715.1515151515151;0.4862000099999628;1.40523344211898
744.4444444444445;0.4820000099999632;1.405595525535868
773.7373737373738;0.4780000099999637;1.405936117358401
803.030303030303;0.4742000099999641;1.406257176244075
832.3232323232323;0.4705000099999645;1.406560422077317
861.6161616161617;0.4670000099999649;1.406847372539786
890.9090909090909;0.4637000099999652;1.407119370180196
920.2020202020202;0.4605000099999656;1.407377607448394
949.4949494949495;0.4574000099999659;1.407623147829985
978.7878787878788;0.4544000099999663;1.407856945872353
1008.080808080808;0.4515000099999666;1.4080798588079
1037.373737373737;0.4487000099999669;1.408292660535996
1066.666666666667;0.4460000099999672;1.408496047550631
1095.959595959596;0.4433000099999675;1.408690651327948
1125.252525252525;0.4408000099999678;1.408877054864061
1154.545454545455;0.438400009999968;1.409055778138445
1183.838383838384;0.4360000099999683;1.409227298698333
1213.131313131313;0.4337000099999685;1.409392058469009
1242.424242424242;0.4314000099999688;1.40955045792364
1271.717171717172;0.429300009999969;1.409702870489956
1301.010101010101;0.4271000099999693;1.409849634021895
1330.30303030303;0.4251000099999695;1.40999106634399
1359.59595959596;0.4231000099999697;1.410127454899111
1388.888888888889;0.4211000099999699;1.410259071765562
1418.181818181818;0.4191000099999702;1.410386164681951
1447.474747474748;0.4172000099999704;1.410508967582064
1476.767676767677;0.4155000099999706;1.410627701393181
1506.060606060606;0.4136000099999708;1.41074255651542
1535.353535353535;0.411900009999971;1.410853731304118
1564.646464646465;0.4102000099999711;1.410961395727198
1593.939393939394;0.4086000099999713;1.41106571734607
1623.232323232323;0.4069000099999715;1.411166845089092
1652.525252525252;0.4054000099999717;1.411264929220947
1681.818181818182;0.4038000099999718;1.411360099625483
1711.111111111111;0.402200009999972;1.411452485344095
1740.40404040404;0.4007000099999722;1.411542208586735
1769.69696969697;0.3993000099999723;1.411629381947894
1798.989898989899;0.3978000099999725;1.411714107663839
1828.282828282828;0.3965000099999726;1.41179649177348
1857.575757575758;0.3950000099999728;1.411876622452594
1886.868686868687;0.393700009999973;1.41195459570406
1916.161616161616;0.3923000099999731;1.412030490040316
1945.454545454545;0.3910000099999733;1.412104392011455
1974.747474747475;0.3897000099999734;1.412176372782418
2004.040404040404;0.3885000099999735;1.412246509552078
2033.333333333333;0.3872000099999737;1.412314864073621
2062.626262626262;0.3860000099999738;1.412381507817913
2091.919191919192;0.3848000099999739;1.412446498626404
2121.212121212121;0.3837000099999741;1.412509897798499
2150.50505050505;0.3825000099999742;1.412571757807167
2179.79797979798;0.3813000099999743;1.41263213368351
2209.090909090909;0.3802000099999744;1.41269107893195
2238.383838383838;0.3791000099999746;1.412748638945045
2267.676767676768;0.3780000099999747;1.41280486092838
2296.969696969697;0.3770000099999748;1.412859790480696
2326.262626262626;0.3759000099999749;1.412913465703877
2355.555555555556;0.374900009999975;1.412965932393715
2384.848484848485;0.3738000099999751;1.413017223037054
2414.141414141414;0.3728000099999753;1.413067379716503
2443.434343434344;0.3718000099999754;1.413116436100391
2472.727272727273;0.3708000099999755;1.413164425101131
2502.020202020202;0.3699000099999756;1.413211382787751
2531.313131313131;0.3689000099999757;1.413257334913362
2560.606060606061;0.3680000099999758;1.41330231527195
2589.89898989899;0.3671000099999759;1.41334635156767
2619.191919191919;0.366100009999976;1.413389468006814
2648.484848484848;0.3653000099999761;1.413431698472878
2677.777777777778;0.3643000099999762;1.413473060127416
2707.070707070707;0.3634000099999763;1.413513582139216
2736.363636363636;0.3626000099999764;1.413553290098911
2765.656565656566;0.3617000099999765;1.413592200995101
2794.949494949495;0.3609000099999766;1.413630341850957
2824.242424242424;0.3600000099999767;1.413667727824991
2853.535353535353;0.3592000099999768;1.413704385357746
2882.828282828283;0.3584000099999768;1.413740330828128
2912.121212121212;0.3576000099999769;1.413775582997286
2941.414141414141;0.356800009999977;1.413810159386124
2970.707070707071;0.3560000099999771;1.413844078775311
3000;0.3552000099999772;1.413877357664588
0.1;2.413400010000669;0.8685440301348747
0.604040404040404;1.840200009999814;1.075750551113671
1.108080808080808;1.668600009999833;1.134630458665899
1.612121212121212;1.568200009999844;1.167673145052284
2.116161616161616;1.497900009999851;1.190012373920665
2.62020202020202;1.444200009999857;1.206588385989411
3.124242424242424;1.401200009999862;1.219603491077607
3.628282828282829;1.365300009999866;1.23022032032947
4.132323232323232;1.334600009999869;1.239122994162457
4.636363636363636;1.307800009999872;1.246745860730287
5.14040404040404;1.284200009999875;1.253380710997716
5.644444444444444;1.263100009999877;1.259232406357575
6.148484848484848;1.244000009999879;1.264449788891312
6.652525252525251;1.226600009999881;1.269144236480602
7.156565656565657;1.210500009999883;1.273401034876921
7.66060606060606;1.195800009999885;1.27728684681274
8.164646464646465;1.182200009999886;1.280854664014369
8.668686868686867;1.169300009999888;1.284147284912824
9.172727272727272;1.157300009999889;1.287199700328458
9.676767676767676;1.14620000999989;1.290040855549717
10.18080808080808;1.135600009999891;1.292694966529686
10.68484848484848;1.125600009999892;1.295182447269977
11.18888888888889;1.116000009999893;1.297520675327134
11.69292929292929;1.107000009999894;1.299724561058721
12.1969696969697;1.098500009999895;1.301806945498287
12.7010101010101;1.090300009999896;1.30377899478577
13.2050505050505;1.082500009999897;1.305650478455684
13.70909090909091;1.075000009999898;1.307429962850253
14.21313131313131;1.067800009999899;1.309125003088914
14.71717171717172;1.0609000099999;1.310742309848596
15.22121212121212;1.0543000099999;1.312287852696601
15.72525252525252;1.048000009999901;1.313766969396789
16.22929292929293;1.041700009999902;1.315184445590433
16.73333333333333;1.035800009999902;1.316544596547858
17.23737373737374;1.030100009999903;1.317851297662694
17.74141414141414;1.024600009999904;1.319108087566224
18.24545454545455;1.019200009999904;1.32031817202382
18.74949494949495;1.013900009999905;1.3214844654685
19.25353535353536;1.009000009999905;1.322609624474738
19.75757575757576;1.004100009999906;1.323696100756777
20.26161616161616;0.9993000099999063;1.32474612694782
20.76565656565657;0.9947000099999068;1.325761753433712
21.26969696969697;0.9901000099999073;1.326744889059871
21.77373737373737;0.9857000099999078;1.327697280419621
22.27777777777778;0.9815000099999083;1.328620541094799
22.78181818181818;0.9774000099999087;1.329516174533439
23.28585858585859;0.9733000099999092;1.330385578200882
23.78989898989899;0.9694000099999096;1.331230044130374
24.29393939393939;0.96550000999991;1.332050780821242
24.7979797979798;0.9617000099999105;1.332848900805526
25.3020202020202;0.9580000099999109;1.333625461501073
25.80606060606061;0.9545000099999112;1.334381455621954
26.31010101010101;0.9510000099999116;1.335117780031732
26.81414141414141;0.947500009999912;1.335835320084773
27.31818181818182;0.9442000099999124;1.336534873190222
27.82222222222222;0.9409000099999127;1.337217193161946
28.32626262626263;0.9377000099999131;1.33788301107327
28.83030303030303;0.9345000099999135;1.338532982775782
29.33434343434343;0.9315000099999138;1.339167762626765
29.83838383838384;0.9284000099999141;1.339787939960355
30.34242424242424;0.9254000099999145;1.340394081666639
30.84646464646465;0.9225000099999148;1.340986725930525
31.35050505050505;0.9196000099999151;1.341566375037171
31.85454545454546;0.9168000099999154;1.342133520089899
32.35858585858586;0.9141000099999157;1.342688607785691
32.86262626262626;0.911300009999916;1.343232073105363
33.36666666666667;0.9086000099999163;1.34376432847372
33.87070707070707;0.9060000099999166;1.344285761975359
34.37474747474747;0.9034000099999169;1.344796743188065
34.87878787878788;0.9009000099999172;1.34529763693894
35.38282828282829;0.8984000099999174;1.345788763839342
35.88686868686869;0.8960000099999177;1.346270452788462
36.39090909090909;0.893500009999918;1.346743015269759
36.89494949494949;0.8912000099999182;1.347206730972149
37.3989898989899;0.8889000099999185;1.347661892799257
37.90303030303031;0.8865000099999187;1.348108753882865
38.40707070707071;0.884200009999919;1.348547573318656
38.91111111111111;0.8820000099999192;1.348978604866505
39.41515151515151;0.8799000099999195;1.34940207097406
39.91919191919192;0.8777000099999197;1.349818202075576
40.42323232323233;0.8756000099999199;1.350227212883132
40.92727272727273;0.8734000099999202;1.350629304856417
41.43131313131313;0.8715000099999204;1.351024675392801
41.93535353535353;0.8694000099999206;1.351413514934318
42.43939393939394;0.8673000099999209;1.351796007842925
42.94343434343435;0.8653000099999211;1.352172335179012
43.44747474747474;0.8634000099999213;1.352542652507479
43.95151515151515;0.8615000099999215;1.352907127950524
44.45555555555556;0.8596000099999217;1.353265913330901
44.95959595959596;0.8577000099999219;1.353619164360085
45.46363636363637;0.8557000099999221;1.353967013740883
45.96767676767676;0.8540000099999223;1.354309616153303
46.47171717171717;0.8522000099999225;1.354647097510698
46.97575757575758;0.8504000099999227;1.354979581696152
47.47979797979798;0.8486000099999229;1.355307206157519
47.98383838383838;0.8468000099999231;1.35563007750659
48.48787878787878;0.8451000099999233;1.355948326343321
48.99191919191919;0.8434000099999235;1.356262057001334
49.4959595959596;0.8417000099999237;1.356571365822744
49.99999999999999;0.8400000099999239;1.356876376854652
50;0.8398000099999239;1.356876375666202
54.54545454545455;0.8256000099999254;1.359448197922166
59.09090909090909;0.8126000099999269;1.361740000152107
63.63636363636364;0.8009000099999282;1.363799959504422
68.18181818181819;0.7900000099999294;1.365665300637603
72.72727272727272;0.7799000099999305;1.367365298928537
77.27272727272728;0.7706000099999315;1.368923360073218
81.81818181818181;0.7619000099999325;1.370358460334366
86.36363636363637;0.7537000099999334;1.371686167453008
90.90909090909091;0.7460000099999342;1.372919412131465
95.45454545454545;0.738700009999935;1.37406900473785
100;0.7319000099999358;1.375144109224331
104.5454545454545;0.7254000099999365;1.376152512702763
109.0909090909091;0.7192000099999372;1.377100907672481
113.6363636363636;0.7133000099999378;1.377995075357887
118.1818181818182;0.7076000099999384;1.378840038484662
122.7272727272727;0.702300009999939;1.379640180884682
127.2727272727273;0.6971000099999396;1.380399366401995
131.8181818181818;0.6922000099999401;1.381120998966481
136.3636363636364;0.6874000099999407;1.381808086455322
140.9090909090909;0.6829000099999412;1.382463326488593
145.4545454545454;0.6784000099999417;1.383089111419344
150;0.6742000099999421;1.383687598707477
154.5454545454546;0.6701000099999426;1.384260722481333
159.0909090909091;0.666200009999943;1.384810237271636
163.6363636363636;0.6623000099999434;1.385337716449462
168.1818181818182;0.6586000099999438;1.385844604429321
172.7272727272727;0.6550000099999442;1.386332208745857
177.2727272727273;0.6515000099999446;1.386801727525758
181.8181818181818;0.648200009999945;1.387254249640556
186.3636363636364;0.6449000099999453;1.387690780383511
190.9090909090909;0.6417000099999457;1.388112232140407
195.4545454545455;0.638600009999946;1.388519461709755
200;0.6356000099999464;1.388913246950186
204.5454545454545;0.6327000099999467;1.389294314539171
209.0909090909091;0.629800009999947;1.389663328263946
213.6363636363636;0.6270000099999473;1.390020914609682
218.1818181818182;0.6243000099999476;1.390367644120053
222.7272727272727;0.6217000099999479;1.390704061458613
227.2727272727273;0.6191000099999482;1.391030658663016
231.8181818181818;0.6166000099999485;1.391347906935477
236.3636363636364;0.6141000099999487;1.391656239733842
240.9090909090909;0.611700009999949;1.391956065406121
245.4545454545455;0.6093000099999493;1.392247765026686
250;0.6070000099999495;1.39253170252063
254.5454545454545;0.6047000099999498;1.392808204958487
259.0909090909091;0.60250000999995;1.39307759722408
263.6363636363636;0.6003000099999503;1.393340174445749
268.1818181818182;0.5981000099999505;1.393596211786081
272.7272727272727;0.5961000099999507;1.393845984119194
277.2727272727273;0.5941000099999509;1.394089737081513
281.8181818181818;0.5920000099999512;1.394327700080114
286.3636363636364;0.5901000099999514;1.394560105583944
290.9090909090909;0.5881000099999516;1.394787157605292
295.4545454545455;0.5862000099999518;1.395009061528898
300;0.584400009999952;1.395226003730267
304.5454545454545;0.5825000099999522;1.395438168252287
309.0909090909091;0.5808000099999524;1.395645724925823
313.6363636363636;0.5790000099999526;1.395848828953751
318.1818181818182;0.5772000099999528;1.396047647174857
322.7272727272727;0.575500009999953;1.396242317317443
327.2727272727273;0.5738000099999532;1.396432985559703
331.8181818181818;0.5722000099999534;1.396619782463569
336.3636363636364;0.5706000099999535;1.396802833995365
340.9090909090909;0.5690000099999537;1.396982265232786
345.4545454545454;0.5674000099999539;1.39715819335266
350;0.5658000099999541;1.397330725466719
354.5454545454546;0.5643000099999542;1.397499967327946
359.0909090909091;0.5628000099999544;1.39766602432031
363.6363636363636;0.5613000099999546;1.397828995189148
368.1818181818182;0.5598000099999547;1.397988961672642
372.7272727272727;0.5584000099999549;1.39814603145902
377.2727272727273;0.557000009999955;1.398300270282413
381.8181818181818;0.5556000099999552;1.398451773896723
386.3636363636364;0.5542000099999553;1.398600617322278
390.9090909090909;0.5528000099999555;1.398746872463603
395.4545454545454;0.5515000099999556;1.398890620152838
400;0.5502000099999558;1.399031918518102
404.5454545454546;0.5489000099999559;1.399170844216828
409.0909090909091;0.5476000099999561;1.399307460445085
413.6363636363636;0.5463000099999562;1.399441827407674
418.1818181818182;0.5450000099999563;1.399574000753374
422.7272727272727;0.5438000099999565;1.399704047560486
427.2727272727273;0.5426000099999566;1.399832016109809
431.8181818181818;0.5413000099999568;1.399957959780738
436.3636363636364;0.5401000099999569;1.400081935169889
440.9090909090909;0.539000009999957;1.400203990922064
445.4545454545454;0.5378000099999571;1.400324169244376
450;0.5366000099999573;1.400442524055781
454.5454545454546;0.5355000099999574;1.400559093113321
459.0909090909091;0.5344000099999575;1.400673926914239
463.6363636363636;0.5332000099999576;1.400787062785445
468.1818181818182;0.5322000099999578;1.40089854272541
472.7272727272727;0.5311000099999579;1.401008403486948
477.2727272727273;0.530000009999958;1.401116680811044
481.8181818181818;0.5289000099999581;1.401223419143855
486.3636363636364;0.5279000099999582;1.401328649585683
490.9090909090909;0.5268000099999584;1.401432407115251
495.4545454545454;0.5258000099999585;1.40153472251268
500;0.5248000099999586;1.40163562863871
500;0.5247000099999586;1.401635627765982
530.3030303030303;0.5182000099999593;1.402274559337439
560.6060606060606;0.51210000999996;1.402860385285658
590.9090909090909;0.5064000099999606;1.403399890569724
621.2121212121212;0.5014000099999611;1.403898705787537
651.5151515151515;0.4959000099999617;1.404361543676352
681.8181818181818;0.4911000099999622;1.404792399933753
712.1212121212121;0.4866000099999627;1.405194671227823
742.4242424242425;0.4822000099999632;1.405571265925887
772.7272727272727;0.4781000099999637;1.405924706219906
803.030303030303;0.4742000099999641;1.406257176244075
833.3333333333333;0.4704000099999645;1.406570580645244
863.6363636363636;0.4668000099999649;1.406866597508559
893.939393939394;0.4634000099999653;1.407146705108487
924.2424242424242;0.4601000099999656;1.407412207990179
954.5454545454545;0.456800009999966;1.407664269852929
984.8484848484849;0.4538000099999663;1.407903932120689
1015.151515151515;0.4508000099999667;1.408132122906099
1045.454545454545;0.448000009999967;1.408349680723307
1075.757575757576;0.4452000099999673;1.408557353333569
1106.060606060606;0.4425000099999676;1.408755829481968
1136.363636363636;0.4399000099999679;1.408945723077232
1166.666666666667;0.4374000099999681;1.409127599303106
1196.969696969697;0.4350000099999684;1.409301967976
1227.272727272727;0.4327000099999687;1.409469300323843
1257.575757575758;0.4303000099999689;1.409630019225123
1287.878787878788;0.4281000099999692;1.409784522336455
1318.181818181818;0.4259000099999694;1.409933169119451
1348.484848484848;0.4237000099999697;1.410076293819476
1378.787878787879;0.4217000099999699;1.410214208345487
1409.090909090909;0.4197000099999701;1.41034719114784
1439.393939393939;0.4178000099999703;1.410475509101874
1469.69696969697;0.4159000099999705;1.41059940399208
1500;0.4140000099999707;1.410719102073021
1530.30303030303;0.4122000099999709;1.410834818559068
1560.606060606061;0.4105000099999711;1.410946749721524
1590.909090909091;0.4087000099999713;1.411055074278873
1621.212121212121;0.4071000099999715;1.411159971837232
1651.515151515152;0.4054000099999717;1.411261594831757
1681.818181818182;0.4038000099999718;1.411360099625483
1712.121212121212;0.402200009999972;1.411455624672772
1742.424242424242;0.4006000099999722;1.411548300867274
1772.727272727273;0.3991000099999724;1.411638257034024
1803.030303030303;0.3976000099999725;1.411725607946164
1833.333333333333;0.3962000099999727;1.411810464994286
1863.636363636364;0.3948000099999728;1.411892930472458
1893.939393939394;0.393400009999973;1.411973102386332
1924.242424242424;0.3920000099999731;1.412051074308133
1954.545454545455;0.3906000099999733;1.412126933500186
1984.848484848485;0.3893000099999734;1.412200763664957
2015.151515151515;0.3880000099999736;1.412272642938076
2045.454545454545;0.3867000099999737;1.412342645183767
2075.757575757576;0.3855000099999739;1.412410842619972
2106.060606060606;0.384300009999974;1.412477301388949
2136.363636363636;0.3831000099999741;1.412542083280834
2166.666666666667;0.3819000099999743;1.412605250539683
2196.969696969697;0.3807000099999744;1.412666858727068
2227.272727272727;0.3795000099999745;1.412726965192966
2257.575757575758;0.3784000099999746;1.412785622373686
2287.878787878788;0.3773000099999748;1.412842879085515
2318.181818181818;0.3762000099999749;1.412898782199707
2348.484848484848;0.375100009999975;1.412953375834169
2378.787878787879;0.3741000099999751;1.413006707376578
2409.090909090909;0.3730000099999752;1.413058812181658
2439.393939393939;0.3720000099999753;1.413109735564436
2469.69696969697;0.3709000099999755;1.41315950906638
2500;0.3699000099999756;1.413208174991894
2530.30303030303;0.3690000099999757;1.413255767926681
2560.606060606061;0.3680000099999758;1.41330231527195
2590.909090909091;0.3670000099999759;1.413347851638586
2621.212121212121;0.366100009999976;1.413392410752267
2651.515151515152;0.3651000099999761;1.413436015002561
2681.818181818182;0.3642000099999762;1.413478699376042
2712.121212121212;0.3633000099999763;1.41352048742073
2742.424242424242;0.3624000099999764;1.413561405168028
2772.727272727273;0.3615000099999765;1.413601477292435
2803.030303030303;0.3606000099999766;1.41364072790393
2833.333333333333;0.3598000099999767;1.413679183037442
2863.636363636364;0.3589000099999768;1.413716858715119
2893.939393939394;0.3581000099999769;1.413753783150607
2924.242424242424;0.357300009999977;1.413789972376356
2954.545454545455;0.3564000099999771;1.413825443947602
2984.848484848485;0.3556000099999772;1.41386022315974
3015.151515151515;0.3548000099999772;1.413894325315146
3045.454545454545;0.3541000099999773;1.413927770916416
3075.757575757576;0.3533000099999774;1.413960570719152
3106.060606060606;0.3525000099999775;1.413992745445158
3136.363636363636;0.3517000099999776;1.414024309717933
3166.666666666667;0.3510000099999777;1.414055283475547
3196.969696969697;0.3502000099999777;1.414085673893898
3227.272727272727;0.3495000099999778;1.414115502298867
3257.575757575758;0.3488000099999779;1.414144779471877
3287.878787878788;0.348100009999978;1.414173519274785
3318.181818181818;0.3473000099999781;1.414201730228759
3348.484848484848;0.3466000099999781;1.41422943274407
3378.787878787879;0.3459000099999782;1.414256635205867
3409.090909090909;0.3452000099999783;1.414283349293334
3439.393939393939;0.3446000099999784;1.414309590487381
3469.69696969697;0.3439000099999784;1.414335361801543
3500;0.3432000099999785;1.41436067857665
0.01;3.271400010012964;0.578718829541828
0.01090909090909091;3.236190010012733;0.5891942074689737
0.01181818181818182;3.203980010012522;0.5988974137360559
0.01272727272727273;3.174320010012328;0.607935366280547
0.01363636363636364;3.146840010012148;0.6163940688663031
0.01454545454545455;3.12125001001198;0.6243435950734232
0.01545454545454546;3.097310010011824;0.6318419506228575
0.01636363636363636;3.074830010011676;0.6389376245551494
0.01727272727272727;3.053650010011538;0.6456716369449573
0.01818181818181818;3.033630010011406;0.6520789822944698
0.01909090909090909;3.014650010011282;0.6581897482270289
0.02;2.996620010011164;0.6640300388520329
0.02090909090909091;2.979430010011051;0.6696226175910076
0.02181818181818182;2.963030010010944;0.6749874714684669
0.02272727272727273;2.947350010010841;0.6801422550051588
0.02363636363636364;2.932330010010743;0.6851026140995143
0.02454545454545455;2.917900010010648;0.6898825058000754
0.02545454545454546;2.904050010010558;0.6944944491254108
0.02636363636363637;2.89071001001047;0.6989496592306536
0.02727272727272727;2.877850010010386;0.7032582796774857
0.02818181818181818;2.865450010010305;0.7074295163285291
0.02909090909090909;2.853470010010226;0.7114716851040542
0.03;2.84188001001015;0.7153923932954543
0.03090909090909091;2.830660010010077;0.7191985939312519
0.03181818181818182;2.819790010010006;0.7228966541263664
0.03272727272727273;2.809250010009936;0.7264924187902921
0.03363636363636364;2.799020010009869;0.7299912769551221
0.03454545454545455;2.789080010009804;0.7333981854392531
0.03545454545454546;2.779420010009741;0.7367177504047121
0.03636363636363637;2.770020010009679;0.739954230859692
0.03727272727272728;2.760860010009619;0.74311157607246
0.03818181818181818;2.751960010009561;0.746193472156968
0.03909090909090909;2.743260010009504;0.749203337459836
0.04;2.734780010009449;0.7521443718637526
0.04090909090909092;2.726510010009394;0.7550195785871329
0.04181818181818182;2.718440010009342;0.7578317455652064
0.04272727272727273;2.71055001000929;0.760583496526677
0.04363636363636365;2.702830010009239;0.7632772999385086
0.04454545454545455;2.69529001000919;0.7659154766754881
0.04545454545454546;2.687920010009142;0.7685002071410129
0.04636363636363637;2.680700010009094;0.7710335360165246
0.04727272727272728;2.673630010009048;0.7735174006020374
0.04818181818181819;2.666700010009003;0.7759536495042557
0.0490909090909091;2.659920010008958;0.7783440001439513
0.05;2.653260010008915;0.7806900938416741
0.05090909090909092;2.646740010008872;0.7829934910221491
0.05181818181818183;2.64034001000883;0.7852556558094632
0.05272727272727273;2.634060010008789;0.787477987710356
0.05363636363636364;2.627900010008748;0.7896618197728953
0.05454545454545455;2.621840010008709;0.7918084122194098
0.05545454545454546;2.61590001000867;0.793918960822748
0.05636363636363637;2.610050010008631;0.7959946217281998
0.05727272727272728;2.604310010008594;0.7980364809658993
0.05818181818181819;2.598680010008557;0.8000455899090291
0.0590909090909091;2.593120010008521;0.802022918077684
0.06;2.587660010008485;0.8039694406168594
0.06090909090909092;2.58229001000845;0.8058860579233514
0.06181818181818183;2.577010010008415;0.807773629943469
0.06272727272727273;2.571810010008381;0.8096329972606684
0.06363636363636364;2.566690010008347;0.8114649528367892
0.06454545454545454;2.561640010008314;0.8132702608699113
0.06545454545454546;2.556680010008282;0.815049655348795
0.06636363636363637;2.55179001000825;0.8168038308774931
0.06727272727272728;2.546960010008218;0.8185334754007781
0.06818181818181819;2.542210010008187;0.8202392219874853
0.06909090909090909;2.537530010008156;0.8219217037225542
0.07000000000000001;2.532910010008126;0.8235815236081611
0.07090909090909092;2.528360010008096;0.825219244648587
0.07181818181818182;2.523870010008067;0.8268354153757942
0.07272727272727274;2.519440010008038;0.8284305983829535
0.07363636363636364;2.515070010008009;0.8300052845510938
0.07454545454545454;2.510760010007981;0.8315599709455762
0.07545454545454545;2.506500010007953;0.8330951438258984
0.07636363636363637;2.502290010007926;0.8346112671080985
0.07727272727272728;2.498150010007898;0.8361087745655629
0.07818181818181819;2.494060010007872;0.8375881152509755
0.07909090909090909;2.490010010007845;0.8390496867961571
0.08;2.486020010007819;0.8404938953332659
0.0809090909090909;2.482070010007793;0.8419211306320155
0.08181818181818183;2.478170010007767;0.8433317668247117
0.08272727272727273;2.474320010007742;0.8447261710965774
0.08363636363636365;2.470510010007717;0.8461046878682137
0.08454545454545455;2.466760010007693;0.8474676674058674
0.08545454545454545;2.463030010007668;0.8488154270793363
0.08636363636363636;2.459360010007644;0.8501482962516368
0.08727272727272728;2.45573001000762;0.8514665775871493
0.08818181818181819;2.452130010007597;0.8527705753355934
0.0890909090909091;2.448580010007574;0.8540605798780898
0.09;2.445060010007551;0.8553368676615222
0.09090909090909093;2.441590010007528;0.8565997212847557
0.09181818181818183;2.438140010007505;0.8578493962763699
0.09272727272727274;2.434740010007483;0.8590861594060679
0.09363636363636364;2.431380010007461;0.8603102633031117
0.09454545454545454;2.428040010007439;0.8615219382840795
0.09545454545454546;2.424740010007417;0.8627214338292134
0.09636363636363636;2.421480010007396;0.8639089738659563
0.09727272727272727;2.418250010007375;0.8650847840081062
0.09818181818181818;2.415050010007354;0.86624907732564
0.09909090909090909;2.411890010007333;0.8674020737984415
0.1;2.408750010007313;0.8685439687446134
0.1;2.419500010000681;0.8685440370481823
0.104040404040404;2.405500010000652;0.8734899909978572
0.1080808080808081;2.392500010000624;0.878236882971689
0.1121212121212121;2.379700010000597;0.8827993580204214
0.1161616161616162;2.367600010000572;0.8871904977701438
0.1202020202020202;2.356000010000547;0.8914220374000903
0.1242424242424243;2.344600010000523;0.8955044658767336
0.1282828282828283;2.3337000100005;0.8994474606932306
0.1323232323232323;2.323200010000478;0.9032596653236981
0.1363636363636364;2.312700010000456;0.9069490245897276
0.1404040404040404;2.303000010000436;0.9105227765009463
0.1444444444444445;2.293400010000415;0.9139874624130827
0.1484848484848485;2.284100010000396;0.9173492340145004
0.1525252525252525;2.275200010000377;0.920613623111316
0.1565656565656566;2.266400010000358;0.9237858351185738
0.1606060606060606;2.258000010000341;0.9268705436622442
0.1646464646464647;2.249500010000323;0.9298721697271506
0.1686868686868687;2.241600010000306;0.9327948129331367
0.1727272727272727;2.233700010000289;0.9356422772531501
0.1767676767676768;2.226000010000273;0.9384180768875824
0.1808080808080808;2.218600010000257;0.9411255331434693
0.1848484848484849;2.211300010000242;0.9437676615558133
0.1888888888888889;2.204400010000227;0.9463473463669653
0.192929292929293;2.197300010000212;0.9488673150423582
0.196969696969697;2.190500010000198;0.9513300708760963
0.201010101010101;2.184000010000184;0.9537380061997953
0.2050505050505051;2.17740001000017;0.9560932951153801
0.2090909090909091;2.171000010000157;0.9583980836728468
0.2131313131313131;2.164800010000144;0.960654291562103
0.2171717171717172;2.158800010000131;0.9628638596152005
0.2212121212121212;2.152700010000118;0.9650284558550879
0.2252525252525253;2.147000010000106;0.9671498202982632
0.2292929292929293;2.141300010000094;0.9692295635078008
0.2333333333333333;2.135400010000082;0.9712690430739157
0.2373737373737374;2.12980001000007;0.973269758543672
0.2414141414141414;2.124600010000059;0.9752330386690821
0.2454545454545455;2.119100010000047;0.9771601788815301
0.2494949494949495;2.114100010000037;0.9790523843441077
0.2535353535353536;2.108900010000026;0.9809108384563159
0.2575757575757576;2.103700010000015;0.9827365196452813
0.2616161616161616;2.098900010000005;0.984530618617702
0.2656565656565657;2.093800009999994;0.9862940222872882
0.2696969696969697;2.089100009999984;0.9880277940258362
0.2737373737373737;2.084500009999974;0.9897327352218751
0.2777777777777778;2.079800009999965;0.9914097735114019
0.2818181818181819;2.075200009999955;0.9930597293341132
0.2858585858585859;2.070900009999946;0.9946833986345904
0.2898989898989899;2.066200009999936;0.9962815705240067
0.2939393939393939;2.062100009999927;0.9978549381030275
0.297979797979798;2.057700009999918;0.9994041933688458
0.302020202020202;2.053500009999909;1.000930045005684
0.3060606060606061;2.0491000099999;1.002433100281833
0.3101010101010101;2.045200009999891;1.003914001274886
0.3141414141414142;2.041000009999883;1.005373312603942
0.3181818181818182;2.037100009999874;1.006811642426424
0.3222222222222222;2.033100009999866;1.008229535198321
0.3262626262626263;2.029100009999858;1.009627481689742
0.3303030303030303;2.025300009999849;1.011006046317756
0.3343434343434344;2.021500009999841;1.012365655591134
0.3383838383838384;2.017700009999833;1.01370683628458
0.3424242424242424;2.014200009999826;1.015030043467612
0.3464646464646465;2.010500009999818;1.016335660080585
0.3505050505050505;2.006900009999811;1.017624149796561
0.3545454545454546;2.003200009999803;1.018895904650629
0.3585858585858586;2.000000009999796;1.020151342374881
0.3626262626262626;1.996300009999797;1.021390821743698
0.3666666666666667;1.993000009999797;1.022614748612448
0.3707070707070708;1.989500009999797;1.023823412622641
0.3747474747474748;1.986200009999798;1.025017216068954
0.3787878787878788;1.983100009999798;1.026196421734046
0.3828282828282829;1.979900009999798;1.02736143617577
0.3868686868686869;1.976400009999799;1.028512524509432
0.3909090909090909;1.973200009999799;1.029650000787751
0.3949494949494949;1.970100009999799;1.030774145235382
0.398989898989899;1.9670000099998;1.03188526400399
0.4030303030303031;1.9640000099998;1.032983614443864
0.4070707070707071;1.9608000099998;1.034069419411975
0.4111111111111111;1.957800009999801;1.035143012981263
0.4151515151515152;1.955100009999801;1.036204617461026
0.4191919191919192;1.952200009999801;1.037254460225927
0.4232323232323233;1.949100009999802;1.038292812163127
0.4272727272727272;1.946200009999802;1.039319840748374
0.4313131313131313;1.943100009999802;1.040335825682323
0.4353535353535354;1.940300009999803;1.041340964401016
0.4393939393939394;1.937800009999803;1.042335454009335
0.4434343434343434;1.935100009999803;1.043319531920645
0.4474747474747475;1.932200009999804;1.044293348055811
0.4515151515151515;1.929400009999804;1.045257137255661
0.4555555555555556;1.926700009999804;1.04621107389573
0.4595959595959597;1.924000009999804;1.047155309291466
0.4636363636363636;1.921400009999805;1.048090064073721
0.4676767676767677;1.919000009999805;1.049015488552648
0.4717171717171718;1.916200009999805;1.049931786117892
0.4757575757575758;1.913800009999806;1.050839062431372
0.4797979797979798;1.911200009999806;1.051737508772535
0.4838383838383838;1.908700009999806;1.052627274286781
0.4878787878787879;1.906100009999806;1.053508540788498
0.491919191919192;1.903700009999807;1.054381408015295
0.495959595959596;1.901100009999807;1.055246050273982
0.5;1.899000009999807;1.056102625706209
0.5;1.899000009999807;1.056102625706209
0.5050505050505051;1.895900009999808;1.057162128835977
0.5101010101010101;1.893000009999808;1.058209491537095
0.5151515151515151;1.889900009999808;1.059244916609685
0.5202020202020202;1.887000009999809;1.060268661727209
0.5252525252525253;1.884300009999809;1.061280974588518
0.5303030303030303;1.881300009999809;1.062282103185336
0.5353535353535354;1.878400009999809;1.063272239066867
0.5404040404040404;1.87570000999981;1.064251582462806
0.5454545454545454;1.87280000999981;1.065220412122856
0.5505050505050505;1.87010000999981;1.066178867527285
0.5555555555555556;1.867400009999811;1.067127180174711
0.5606060606060606;1.864900009999811;1.068065560617566
0.5656565656565656;1.862300009999811;1.068994138918457
0.5707070707070707;1.859500009999812;1.06991317086173
0.5757575757575758;1.857000009999812;1.070822734191648
0.5808080808080808;1.854600009999812;1.071723109249823
0.5858585858585859;1.851700009999812;1.072614422880303
0.5909090909090909;1.849500009999813;1.073496821150334
0.5959595959595959;1.846800009999813;1.074370504999576
0.601010101010101;1.844400009999813;1.075235558710219
0.6060606060606061;1.841700009999814;1.076092210101055
0.6111111111111112;1.839300009999814;1.076940581085535
0.6161616161616161;1.836900009999814;1.077780814098829
0.6212121212121212;1.834500009999814;1.078613037914914
0.6262626262626263;1.832400009999815;1.079437429507807
0.6313131313131313;1.830000009999815;1.080254054553384
0.6363636363636364;1.827800009999815;1.081063109356097
0.6414141414141414;1.825300009999815;1.08186467488872
0.6464646464646464;1.823100009999816;1.082658894536228
0.6515151515151515;1.820900009999816;1.083445909202934
0.6565656565656566;1.818500009999816;1.084225797284965
0.6616161616161617;1.816400009999816;1.084998698742117
0.6666666666666666;1.814000009999817;1.085764728418965
0.6717171717171717;1.812100009999817;1.08652397297725
0.6767676767676768;1.809800009999817;1.087276573788199
0.6818181818181819;1.807600009999817;1.088022598652746
0.6868686868686869;1.805500009999818;1.088762199434342
0.6919191919191919;1.803300009999818;1.08949541639865
0.696969696969697;1.801200009999818;1.090222417603872
0.702020202020202;1.799100009999818;1.090943217028018
0.7070707070707071;1.797300009999818;1.091657984002542
0.7121212121212122;1.795100009999819;1.092366755661644
0.7171717171717171;1.792900009999819;1.093069654360184
0.7222222222222222;1.790800009999819;1.093766776492975
0.7272727272727273;1.789100009999819;1.094458164004734
0.7323232323232323;1.78690000999982;1.095143931897919
0.7373737373737373;1.78510000999982;1.095824162006073
0.7424242424242424;1.78310000999982;1.09649892391001
0.7474747474747475;1.78130000999982;1.097168286298285
0.7525252525252526;1.77930000999982;1.097832345180946
0.7575757575757576;1.777300009999821;1.098491184068358
0.7626262626262627;1.775500009999821;1.099144870404358
0.7676767676767677;1.773500009999821;1.099793478170256
0.7727272727272727;1.771600009999821;1.100437046960856
0.7777777777777778;1.769700009999821;1.101075702995156
0.7828282828282829;1.768000009999822;1.10170945223387
0.7878787878787878;1.766100009999822;1.102338412847911
0.7929292929292929;1.764300009999822;1.10296260886388
0.797979797979798;1.762500009999822;1.103582136419239
0.803030303030303;1.760700009999822;1.104197057566462
0.8080808080808081;1.758700009999823;1.10480740261713
0.8131313131313131;1.757300009999823;1.105413271765143
0.8181818181818181;1.755300009999823;1.106014687303143
0.8232323232323233;1.753700009999823;1.106611762853267
0.8282828282828283;1.751800009999823;1.107204503054396
0.8333333333333333;1.750000009999824;1.107792968521552
0.8383838383838385;1.748300009999824;1.108377218505605
0.8434343434343434;1.746800009999824;1.108957344316687
0.8484848484848485;1.744900009999824;1.109533320337729
0.8535353535353536;1.743500009999824;1.110105270196805
0.8585858585858586;1.741700009999825;1.110673254022765
0.8636363636363636;1.740000009999825;1.111237262698973
0.8686868686868687;1.738500009999825;1.111797350748235
0.8737373737373737;1.736900009999825;1.112353629045652
0.8787878787878788;1.735200009999825;1.112906085705867
0.8838383838383839;1.733400009999825;1.113454782991241
0.8888888888888888;1.731900009999826;1.113999754577769
0.8939393939393939;1.730400009999826;1.114541085091528
0.898989898989899;1.728800009999826;1.115078780716301
0.904040404040404;1.727100009999826;1.115612911134432
0.9090909090909092;1.725700009999826;1.116143483529155
0.9141414141414141;1.724000009999826;1.11667057897721
0.9191919191919191;1.722600009999827;1.11719424315303
0.9242424242424243;1.721200009999827;1.117714460844216
0.9292929292929293;1.719500009999827;1.1182313120631
0.9343434343434344;1.718100009999827;1.118744836891603
0.9393939393939394;1.716600009999827;1.119255064613217
0.9444444444444444;1.714800009999828;1.119762035871207
0.9494949494949495;1.713300009999828;1.120265801544804
0.9545454545454546;1.711800009999828;1.120766367569445
0.9595959595959596;1.710600009999828;1.121263804140904
0.9646464646464646;1.709100009999828;1.121758105858712
0.9696969696969697;1.707600009999828;1.122249373957352
0.9747474747474747;1.706000009999828;1.122737558177937
0.9797979797979798;1.704600009999829;1.123222721098097
0.9848484848484849;1.703200009999829;1.123704946477558
0.9898989898989898;1.701700009999829;1.124184222907042
0.994949494949495;1.700300009999829;1.124660582652661
1;1.698900009999829;1.125134043351314
1;1.698900009999829;1.125134043351314
1.01010101010101;1.69630000999983;1.126072495896759
1.02020202020202;1.69340000999983;1.126999793498728
1.03030303030303;1.69080000999983;1.127916191970777
1.04040404040404;1.68820000999983;1.128821887834233
1.050505050505051;1.685500009999831;1.129717149450156
1.060606060606061;1.682600009999831;1.130602139039804
1.070707070707071;1.680100009999831;1.131477104679897
1.080808080808081;1.677400009999832;1.132342217948328
1.090909090909091;1.675000009999832;1.13319771812927
1.101010101010101;1.672600009999832;1.134043742598136
1.111111111111111;1.669900009999832;1.134880536515262
1.121212121212121;1.667400009999833;1.135708223194265
1.131313131313131;1.665100009999833;1.136527028030728
1.141414141414141;1.662600009999833;1.137337100909356
1.151515151515152;1.660100009999834;1.138138580997807
1.161616161616162;1.657900009999834;1.13893166004938
1.171717171717172;1.655300009999834;1.139716490602909
1.181818181818182;1.652900009999834;1.140493230637394
1.191919191919192;1.650900009999835;1.141262000209178
1.202020202020202;1.648500009999835;1.142022989259792
1.212121212121212;1.646400009999835;1.142776291298905
1.222222222222222;1.643900009999835;1.143522098425563
1.232323232323232;1.641800009999836;1.144260479015487
1.242424242424242;1.639400009999836;1.144991625910169
1.252525252525253;1.637300009999836;1.14571561407034
1.262626262626263;1.635100009999836;1.146432595994861
1.272727272727273;1.632900009999837;1.147142696902708
1.282828282828283;1.630700009999837;1.147846012785616
1.292929292929293;1.628600009999837;1.148542680181827
1.303030303030303;1.626700009999837;1.14923281936149
1.313131313131313;1.624400009999837;1.149916490118191
1.323232323232323;1.622500009999838;1.150593847868632
1.333333333333333;1.620500009999838;1.151264970392067
1.343434343434343;1.618400009999838;1.151929966306941
1.353535353535354;1.616300009999838;1.152588932587595
1.363636363636364;1.614200009999839;1.15324196351088
1.373737373737374;1.612600009999839;1.153889182893028
1.383838383838384;1.610400009999839;1.154530671496571
1.393939393939394;1.608500009999839;1.155166470903783
1.404040404040404;1.606600009999839;1.155796738811671
1.414141414141414;1.60460000999984;1.156421527266243
1.424242424242424;1.60290000999984;1.157040916105696
1.434343434343434;1.60090000999984;1.157655010166863
1.444444444444444;1.59920000999984;1.158263849404514
1.454545454545455;1.59710000999984;1.158867564063151
1.464646464646465;1.595200009999841;1.159466209528458
1.474747474747475;1.593700009999841;1.160059836620076
1.484848484848485;1.591800009999841;1.1606485482242
1.494949494949495;1.590000009999841;1.161232416551905
1.505050505050505;1.588000009999841;1.161811507662256
1.515151515151515;1.586300009999842;1.162385892083552
1.525252525252525;1.584500009999842;1.162955630718699
1.535353535353535;1.582900009999842;1.163520793882801
1.545454545454545;1.581000009999842;1.164081445113546
1.555555555555556;1.579300009999842;1.164637661894576
1.565656565656566;1.577500009999843;1.165189497331732
1.575757575757576;1.576000009999843;1.16573698803061
1.585858585858586;1.574200009999843;1.166280243444062
1.595959595959596;1.572500009999843;1.166819281079846
1.606060606060606;1.570700009999843;1.167354164712717
1.616161616161616;1.569300009999844;1.167884976805863
1.626262626262626;1.567600009999844;1.168411771619326
1.636363636363636;1.566000009999844;1.168934561757751
1.646464646464647;1.564300009999844;1.169453426733222
1.656565656565657;1.562600009999844;1.169968410192075
1.666666666666667;1.561000009999844;1.17047958258114
1.676767676767677;1.559500009999845;1.170987006877553
1.686868686868687;1.557900009999845;1.171490681590751
1.696969696969697;1.556400009999845;1.17199069113797
1.707070707070707;1.555000009999845;1.172487051007418
1.717171717171717;1.553500009999845;1.172979851023007
1.727272727272727;1.552000009999845;1.173469127385834
1.737373737373737;1.550500009999846;1.173954892858112
1.747474747474747;1.549000009999846;1.17443723829684
1.757575757575758;1.547200009999846;1.174916167992591
1.767676767676768;1.545900009999846;1.175391738182271
1.777777777777778;1.544200009999846;1.175863977378376
1.787878787878788;1.542900009999846;1.176332959711464
1.797979797979798;1.541200009999847;1.176798691360839
1.808080808080808;1.539900009999847;1.177261240208189
1.818181818181818;1.538600009999847;1.177720621406749
1.828282828282828;1.537000009999847;1.178176882524622
1.838383838383838;1.535700009999847;1.178630081610672
1.848484848484849;1.534200009999847;1.179080221959441
1.858585858585859;1.532700009999848;1.179527348309864
1.868686868686869;1.531500009999848;1.179971499450702
1.878787878787879;1.529800009999848;1.180412711424837
1.888888888888889;1.528500009999848;1.180851023963556
1.898989898989899;1.527300009999848;1.181286465389833
1.909090909090909;1.526000009999848;1.181719088100804
1.919191919191919;1.524700009999848;1.182148882386907
1.929292929292929;1.523300009999849;1.182575917839711
1.939393939393939;1.521900009999849;1.183000205188566
1.949494949494949;1.520500009999849;1.183421777445208
1.95959595959596;1.519100009999849;1.183840674135718
1.96969696969697;1.517700009999849;1.184256930985666
1.97979797979798;1.516300009999849;1.184670566148248
1.98989898989899;1.515300009999849;1.185081622865615
2;1.51380000999985;1.185490094161006
2;1.51380000999985;1.185490094161006
2.01010101010101;1.51260000999985;1.18589605296167
2.02020202020202;1.51130000999985;1.186299513119809
2.03030303030303;1.51000000999985;1.186700471703813
2.04040404040404;1.50900000999985;1.187098981258449
2.050505050505051;1.50750000999985;1.187495088974405
2.060606060606061;1.50640000999985;1.187888770918272
2.07070707070707;1.505200009999851;1.18828009757217
2.080808080808081;1.503700009999851;1.188669090176086
2.090909090909091;1.502600009999851;1.18905573009421
2.101010101010101;1.501100009999851;1.189440080731465
2.111111111111111;1.499900009999851;1.189822165958622
2.121212121212121;1.499000009999851;1.190202012168169
2.131313131313131;1.497800009999851;1.190579621005555
2.141414141414141;1.496500009999852;1.19095502439135
2.151515151515151;1.495400009999852;1.191328250944176
2.161616161616162;1.494200009999852;1.19169931470215
2.171717171717172;1.493000009999852;1.192068235662009
2.181818181818182;1.491700009999852;1.192435053853248
2.191919191919192;1.490700009999852;1.192799767270972
2.202020202020202;1.489500009999852;1.193162429605231
2.212121212121212;1.488300009999852;1.19352302544375
2.222222222222222;1.487100009999853;1.193881598008437
2.232323232323232;1.485900009999853;1.194238145844274
2.242424242424242;1.484600009999853;1.194592713924017
2.252525252525253;1.483700009999853;1.194945307916687
2.262626262626263;1.482500009999853;1.195295957699478
2.272727272727272;1.481300009999853;1.195644671407391
2.282828282828283;1.480100009999853;1.195991477818738
2.292929292929293;1.479200009999853;1.196336379323996
2.303030303030303;1.477900009999854;1.196679406299564
2.313131313131313;1.477000009999854;1.197020585555177
2.323232323232323;1.475700009999854;1.197359907555942
2.333333333333333;1.474900009999854;1.197697410902776
2.343434343434343;1.473700009999854;1.198033112962023
2.353535353535353;1.472500009999854;1.198367037934082
2.363636363636364;1.471300009999854;1.198699162188133
2.373737373737374;1.470400009999854;1.199029553987339
2.383838383838384;1.469500009999855;1.199358208981656
2.393939393939394;1.468100009999855;1.199685110246129
2.404040404040404;1.467400009999855;1.200010341548984
2.414141414141414;1.466300009999855;1.200333857754565
2.424242424242424;1.465200009999855;1.200655710947364
2.434343434343434;1.464300009999855;1.200975894067503
2.444444444444445;1.463100009999855;1.201294431248716
2.454545454545455;1.461900009999855;1.201611350731911
2.464646464646465;1.461100009999855;1.201926660668317
2.474747474747475;1.460000009999856;1.202240356448755
2.484848484848485;1.459100009999856;1.20255246643393
2.494949494949495;1.457900009999856;1.202862999080159
2.505050505050505;1.457000009999856;1.20317198023624
2.515151515151515;1.456000009999856;1.203479418904444
2.525252525252525;1.455000009999856;1.20378531825217
2.535353535353535;1.453900009999856;1.204089705950506
2.545454545454545;1.452900009999856;1.204392582152216
2.555555555555555;1.451800009999856;1.204693959874499
2.565656565656566;1.451000009999857;1.204993878324795
2.575757575757576;1.450000009999857;1.205292326281342
2.585858585858586;1.449200009999857;1.205589322474391
2.595959595959596;1.448000009999857;1.205884874992543
2.606060606060606;1.447000009999857;1.206179002716927
2.616161616161616;1.446300009999857;1.206471699738978
2.626262626262626;1.445100009999857;1.206763021979953
2.636363636363636;1.444300009999857;1.207052921339772
2.646464646464647;1.443200009999857;1.207341448609401
2.656565656565657;1.442500009999858;1.207628612268066
2.666666666666667;1.441300009999858;1.207914420081781
2.676767676767677;1.440500009999858;1.208198897057648
2.686868686868687;1.439500009999858;1.208482024967677
2.696969696969697;1.438800009999858;1.208763819849808
2.707070707070707;1.437600009999858;1.209044308348162
2.717171717171717;1.436800009999858;1.209323504567511
2.727272727272728;1.435900009999858;1.209601405626641
2.737373737373737;1.435000009999858;1.209878019322456
2.747474747474747;1.433900009999858;1.210153367134785
2.757575757575758;1.433100009999859;1.210427450441346
2.767676767676768;1.432300009999859;1.210700291274077
2.777777777777778;1.431300009999859;1.210971882656907
2.787878787878788;1.430400009999859;1.21124224019098
2.797979797979798;1.429600009999859;1.211511389091595
2.808080808080808;1.428600009999859;1.211779323722686
2.818181818181818;1.427900009999859;1.212046063042091
2.828282828282828;1.426800009999859;1.212311609066005
2.838383838383838;1.426000009999859;1.212575973164929
2.848484848484849;1.425100009999859;1.212839167209784
2.858585858585859;1.424400009999859;1.213101196561898
2.868686868686869;1.42340000999986;1.213362063692677
2.878787878787879;1.42250000999986;1.21362180469901
2.888888888888889;1.42160000999986;1.213880391944888
2.898989898989899;1.42070000999986;1.214137848892761
2.909090909090909;1.41990000999986;1.214394189685029
2.919191919191919;1.41920000999986;1.214649426277441
2.929292929292929;1.41820000999986;1.214903547016116
2.939393939393939;1.41720000999986;1.215156595045995
2.949494949494949;1.41660000999986;1.215408548374722
2.959595959595959;1.41590000999986;1.215659423679939
2.96969696969697;1.414700009999861;1.215909217647516
2.97979797979798;1.414000009999861;1.216157965763079
2.98989898989899;1.413200009999861;1.216405661913883
3;1.412500009999861;1.216652295049235
3;1.412500009999861;1.216652295049235
3.01010101010101;1.411500009999861;1.21689791654309
3.02020202020202;1.410600009999861;1.217142486521276
3.03030303030303;1.410100009999861;1.217386055800142
3.04040404040404;1.409000009999861;1.217628581971719
3.050505050505051;1.408500009999861;1.217870131972243
3.060606060606061;1.407400009999861;1.21811065147797
3.07070707070707;1.406800009999861;1.218350214345417
3.080808080808081;1.406000009999862;1.218588764301495
3.090909090909091;1.405000009999862;1.218826331477017
3.101010101010101;1.404500009999862;1.219062938795012
3.111111111111111;1.403700009999862;1.219298589050888
3.121212121212121;1.403000009999862;1.219533269511191
3.131313131313131;1.402100009999862;1.21976701469435
3.141414141414141;1.401200009999862;1.219999806119346
3.151515151515151;1.400400009999862;1.220231648965868
3.161616161616162;1.399800009999862;1.220462578215696
3.171717171717172;1.399000009999862;1.220692590638732
3.181818181818182;1.398100009999862;1.220921660318188
3.191919191919192;1.397300009999862;1.221149847157456
3.202020202020202;1.396700009999863;1.221377111259327
3.212121212121212;1.396000009999863;1.22160347545799
3.222222222222222;1.395000009999863;1.221828964126677
3.232323232323232;1.394500009999863;1.222053548706269
3.242424242424242;1.393500009999863;1.222277273469532
3.252525252525253;1.392900009999863;1.222500102675798
3.262626262626263;1.392000009999863;1.222722084515315
3.272727272727272;1.391400009999863;1.222943186441288
3.282828282828283;1.390700009999863;1.223163454867912
3.292929292929293;1.389700009999863;1.223382860656703
3.303030303030303;1.389100009999863;1.223601412274424
3.313131313131313;1.388400009999863;1.223819140869895
3.323232323232323;1.387500009999864;1.224036037125585
3.333333333333333;1.386700009999864;1.22425209920357
3.343434343434343;1.386100009999864;1.224467334895476
3.353535353535353;1.385300009999864;1.224681765442664
3.363636363636364;1.384700009999864;1.224895384707862
3.373737373737374;1.384100009999864;1.225108188876027
3.383838383838384;1.383200009999864;1.225320208627502
3.393939393939394;1.382600009999864;1.225531410781301
3.404040404040404;1.381700009999864;1.225741835849196
3.414141414141414;1.381000009999864;1.225951484676218
3.424242424242424;1.380200009999864;1.226160345936057
3.434343434343434;1.379800009999864;1.226368448082913
3.444444444444445;1.378900009999865;1.226575760157469
3.454545454545455;1.378400009999865;1.226782328201766
3.464646464646465;1.377500009999865;1.2269881150612
3.474747474747475;1.376800009999865;1.227193155519968
3.484848484848485;1.376200009999865;1.227397452416124
3.494949494949495;1.375600009999865;1.227601002084143
3.505050505050505;1.374700009999865;1.227803827278922
3.515151515151515;1.374100009999865;1.22800590762767
3.525252525252525;1.373500009999865;1.228207246116474
3.535353535353535;1.372600009999865;1.228407862093514
3.545454545454545;1.372000009999865;1.228607759992225
3.555555555555555;1.371500009999865;1.228806943317071
3.565656565656566;1.370600009999865;1.229005424961253
3.575757575757576;1.370000009999865;1.229203177252281
3.585858585858586;1.369400009999866;1.229400236637859
3.595959595959596;1.368800009999866;1.229596605440048
3.606060606060606;1.368000009999866;1.229792269518672
3.616161616161616;1.367400009999866;1.229987251354018
3.626262626262626;1.366500009999866;1.230181554918489
3.636363636363636;1.366000009999866;1.230375156138318
3.646464646464647;1.365400009999866;1.230568088474132
3.656565656565657;1.364700009999866;1.230760351623951
3.666666666666667;1.364000009999866;1.230951940884336
3.676767676767677;1.363300009999866;1.231142878781797
3.686868686868687;1.362900009999866;1.231333142701411
3.696969696969697;1.362100009999866;1.231522754881306
3.707070707070707;1.361600009999866;1.231711705902556
3.717171717171717;1.360700009999867;1.231900021012634
3.727272727272728;1.360200009999867;1.232087688941258
3.737373737373737;1.359600009999867;1.232274703775859
3.747474747474747;1.358800009999867;1.232461094311643
3.757575757575758;1.358300009999867;1.232646856624632
3.767676767676768;1.357600009999867;1.232831964517623
3.777777777777778;1.356900009999867;1.233016468768219
3.787878787878788;1.356300009999867;1.233200347788609
3.797979797979798;1.355800009999867;1.233383595631721
3.808080808080808;1.355000009999867;1.23356623763686
3.818181818181818;1.354300009999867;1.233748273891152
3.828282828282828;1.353900009999867;1.2339296997806
3.838383838383838;1.353300009999867;1.234110511379481
3.848484848484849;1.352500009999867;1.234290729158423
3.858585858585859;1.351800009999867;1.234470351629185
3.868686868686869;1.351200009999868;1.23464938487551
3.878787878787879;1.350600009999868;1.234827828975271
3.888888888888889;1.350000009999868;1.235005675289897
3.898989898989899;1.349600009999868;1.235182950284897
3.909090909090909;1.348900009999868;1.235359642115781
3.919191919191919;1.348100009999868;1.235535751363691
3.929292929292929;1.347800009999868;1.235711281549627
3.939393939393939;1.347200009999868;1.235886250722766
3.949494949494949;1.346600009999868;1.23606065279229
3.959595959595959;1.345800009999868;1.236234500908234
3.96969696969697;1.345300009999868;1.236407782696927
3.97979797979798;1.344800009999868;1.236580502448265
3.98989898989899;1.344200009999868;1.236752668357429
4;1.343500009999868;1.236924295511728
4;1.343500009999868;1.236924295511728
4.01010101010101;1.343000009999868;1.237095367396329
4.02020202020202;1.342300009999869;1.237265887321449
4.03030303030303;1.341800009999869;1.237435870371166
4.040404040404041;1.341200009999869;1.237605310014796
4.05050505050505;1.340400009999869;1.237774216576809
4.060606060606061;1.339900009999869;1.237942595309233
4.070707070707071;1.339400009999869;1.238110444126377
4.08080808080808;1.338800009999869;1.238277769930118
4.090909090909091;1.338100009999869;1.238444542655349
4.101010101010101;1.337500009999869;1.238610831222454
4.111111111111111;1.337000009999869;1.238776595254457
4.121212121212121;1.336400009999869;1.238941831031652
4.131313131313131;1.336100009999869;1.239106548836856
4.141414141414141;1.335400009999869;1.239270779797496
4.151515151515151;1.334700009999869;1.239434491829209
4.161616161616162;1.334400009999869;1.239597688624774
4.171717171717171;1.33350000999987;1.239760404728983
4.181818181818182;1.33290000999987;1.239922612607022
4.191919191919192;1.33260000999987;1.24008431216658
4.202020202020202;1.33180000999987;1.240245542724327
4.212121212121212;1.33140000999987;1.240406264311481
4.222222222222222;1.33080000999987;1.240566507141542
4.232323232323233;1.33030000999987;1.24072625611078
4.242424242424242;1.32950000999987;1.240885532538388
4.252525252525253;1.32900000999987;1.24104431531642
4.262626262626263;1.32870000999987;1.241202625564302
4.272727272727272;1.32790000999987;1.241360466871712
4.282828282828283;1.32740000999987;1.241517840212707
4.292929292929293;1.32680000999987;1.241674720599224
4.303030303030303;1.32630000999987;1.24183115622794
4.313131313131313;1.32580000999987;1.241987109850659
4.323232323232324;1.32510000999987;1.242142617794858
4.333333333333333;1.32460000999987;1.242297646952724
4.343434343434343;1.324300009999871;1.2424522369853
4.353535353535354;1.323500009999871;1.242606362185183
4.363636363636363;1.322900009999871;1.242760018626054
4.373737373737374;1.322500009999871;1.242913247076187
4.383838383838384;1.322100009999871;1.243066013740151
4.393939393939394;1.321500009999871;1.24321832985428
4.404040404040404;1.321000009999871;1.243370214217967
4.414141414141414;1.320300009999871;1.243521653314311
4.424242424242424;1.320000009999871;1.24367264734858
4.434343434343434;1.319400009999871;1.243823212910987
4.444444444444445;1.318800009999871;1.243973341465954
4.454545454545454;1.318500009999871;1.244123019209072
4.464646464646465;1.317900009999871;1.244272286667252
4.474747474747475;1.317300009999871;1.244421125885784
4.484848484848484;1.316700009999871;1.244569530331748
4.494949494949495;1.316000009999871;1.244717512512243
4.505050505050505;1.315700009999871;1.244865064457139
4.515151515151516;1.315300009999872;1.245012200323799
4.525252525252525;1.314600009999872;1.245158920486625
4.535353535353535;1.314100009999872;1.245305231931618
4.545454545454545;1.313700009999872;1.245451130689622
4.555555555555555;1.313000009999872;1.245596609323871
4.565656565656566;1.312400009999872;1.245741680209491
4.575757575757576;1.312200009999872;1.245886330650792
4.585858585858586;1.311700009999872;1.246030591487661
4.595959595959596;1.311200009999872;1.246174441831662
4.606060606060606;1.310600009999872;1.24631788977587
4.616161616161616;1.310000009999872;1.246460941440029
4.626262626262626;1.309600009999872;1.246603598520473
4.636363636363637;1.309000009999872;1.246745851014645
4.646464646464646;1.308500009999872;1.246887713256989
4.656565656565657;1.308000009999872;1.247029190505387
4.666666666666667;1.307600009999872;1.24717027515303
4.676767676767676;1.307000009999872;1.247310964509763
4.686868686868687;1.306600009999872;1.247451276229804
4.696969696969697;1.306100009999873;1.247591197270175
4.707070707070707;1.305500009999873;1.247730727325689
4.717171717171717;1.305100009999873;1.247869889464801
4.727272727272728;1.304400009999873;1.248008679001081
4.737373737373737;1.304200009999873;1.248147079753023
4.747474747474747;1.303500009999873;1.248285099849123
4.757575757575758;1.303000009999873;1.248422756407354
4.767676767676767;1.302600009999873;1.248560037716568
4.777777777777778;1.302100009999873;1.248696951224545
4.787878787878788;1.301600009999873;1.248833485206244
4.797979797979798;1.301300009999873;1.248969665692383
4.808080808080808;1.300500009999873;1.249105470700281
4.818181818181818;1.300100009999873;1.249240926372063
4.828282828282829;1.299600009999873;1.249376010905815
4.838383838383838;1.299400009999873;1.249510733432403
4.848484848484849;1.298500009999873;1.249645101916
4.858585858585858;1.298200009999873;1.249779110811858
4.868686868686869;1.297600009999873;1.249912773733904
4.878787878787879;1.297300009999873;1.250046083323267
4.888888888888889;1.296600009999874;1.250179027290501
4.898989898989899;1.296300009999874;1.250311638743559
4.909090909090909;1.296000009999874;1.250443885361272
4.91919191919192;1.295500009999874;1.250575806451985
4.929292929292929;1.294700009999874;1.250707357836932
4.939393939393939;1.294300009999874;1.250838581308229
4.94949494949495;1.294100009999874;1.250969459974562
4.959595959595959;1.293300009999874;1.251099989253498
4.96969696969697;1.293100009999874;1.251230200410142
4.97979797979798;1.292600009999874;1.251360057979093
4.98989898989899;1.292000009999874;1.251489571236312
5;1.291600009999874;1.251618767757132
5;1.291600009999874;1.251618767757132
5.01010101010101;1.291300009999874;1.251747627612674
5.02020202020202;1.290700009999874;1.251876155149719
5.03030303030303;1.290300009999874;1.252004361543737
5.040404040404041;1.289700009999874;1.252132218667104
5.05050505050505;1.289500009999874;1.252259766372696
5.060606060606061;1.289100009999874;1.25238697267744
5.070707070707071;1.288500009999874;1.252513876033208
5.08080808080808;1.288000009999875;1.252640437377744
5.090909090909091;1.287500009999875;1.252766697552415
5.101010101010101;1.287000009999875;1.252892614370462
5.111111111111111;1.286700009999875;1.253018237834499
5.121212121212121;1.286200009999875;1.253143520156122
5.131313131313131;1.285700009999875;1.253268514770572
5.141414141414141;1.285200009999875;1.253393161587833
5.151515151515151;1.284700009999875;1.25351751801611
5.161616161616162;1.284500009999875;1.253641565340239
5.171717171717171;1.283800009999875;1.253765298389658
5.181818181818182;1.283400009999875;1.253888728196193
5.191919191919192;1.283100009999875;1.254011840274407
5.202020202020202;1.282700009999875;1.254134649561955
5.212121212121212;1.282300009999875;1.254257146800678
5.222222222222222;1.281800009999875;1.254379366037271
5.232323232323233;1.281400009999875;1.254501257338735
5.242424242424242;1.280900009999875;1.254622855627609
5.252525252525253;1.280600009999875;1.254744162084474
5.262626262626263;1.279900009999875;1.254865175175586
5.272727272727272;1.279500009999875;1.254985869128762
5.282828282828283;1.279200009999875;1.255106287357074
5.292929292929293;1.278600009999876;1.255226408427087
5.303030303030303;1.278300009999876;1.255346223719877
5.313131313131313;1.277900009999876;1.255465758588217
5.323232323232324;1.277400009999876;1.255585006513103
5.333333333333333;1.277100009999876;1.255703953850034
5.343434343434343;1.276500009999876;1.255822611320015
5.353535353535354;1.276100009999876;1.255941002258048
5.363636363636363;1.275500009999876;1.256059095791015
5.373737373737374;1.275400009999876;1.256176898361638
5.383838383838384;1.274900009999876;1.256294424432207
5.393939393939394;1.274500009999876;1.256411670104606
5.404040404040404;1.274100009999876;1.256528631732125
5.414141414141414;1.273600009999876;1.256645314945186
5.424242424242424;1.273100009999876;1.256761717290707
5.434343434343434;1.272800009999876;1.256877851796992
5.444444444444445;1.272400009999876;1.25699370728897
5.454545454545454;1.271900009999876;1.257109279658074
5.464646464646465;1.271500009999876;1.257224581972053
5.474747474747475;1.271000009999876;1.257339613690528
5.484848484848484;1.270500009999876;1.257454370566457
5.494949494949495;1.270100009999876;1.25756885858615
5.505050505050505;1.269800009999877;1.257683083951125
5.515151515151516;1.269300009999877;1.257797029623191
5.525252525252525;1.268900009999877;1.257910718853939
5.535353535353535;1.268500009999877;1.258024142856302
5.545454545454545;1.268200009999877;1.258137294062829
5.555555555555555;1.267800009999877;1.258250173533106
5.565656565656566;1.267200009999877;1.258362801580987
5.575757575757576;1.266700009999877;1.258475171797231
5.585858585858586;1.266300009999877;1.258587278779948
5.595959595959596;1.265900009999877;1.258699121293468
5.606060606060606;1.265500009999877;1.258810710466968
5.616161616161616;1.265100009999877;1.258922034008374
5.626262626262626;1.264700009999877;1.259033109669927
5.636363636363637;1.264300009999877;1.259143931527139
5.646464646464646;1.263900009999877;1.259254499699799
5.656565656565657;1.263500009999877;1.259364803194254
5.666666666666667;1.263400009999877;1.259474874437982
5.676767676767676;1.262700009999877;1.259584669295366
5.686868686868687;1.262500009999877;1.259694229428503
5.696969696969697;1.262100009999877;1.259803540232384
5.707070707070707;1.261500009999877;1.259912583753741
5.717171717171717;1.261300009999877;1.260021403639541
5.727272727272728;1.260900009999878;1.260129965888144
5.737373737373737;1.260500009999878;1.260238282428304
5.747474747474747;1.260200009999878;1.260346360342891
5.757575757575758;1.259600009999878;1.260454206686722
5.767676767676767;1.259200009999878;1.260561786442638
5.777777777777778;1.258900009999878;1.26066914134767
5.787878787878788;1.258500009999878;1.260776248172719
5.797979797979798;1.258200009999878;1.260883120238693
5.808080808080808;1.257800009999878;1.26098974542062
5.818181818181818;1.257400009999878;1.261096134407073
5.828282828282829;1.256900009999878;1.261202279884453
5.838383838383838;1.256500009999878;1.261308206116535
5.848484848484849;1.256100009999878;1.261413892291412
5.858585858585858;1.255700009999878;1.261519341098025
5.868686868686869;1.255300009999878;1.261624561077413
5.878787878787879;1.255000009999878;1.261729546427258
5.888888888888889;1.254600009999878;1.26183428954309
5.898989898989899;1.254100009999878;1.261938820692358
5.909090909090909;1.254000009999878;1.262043101870305
5.91919191919192;1.253400009999878;1.26214717479993
5.929292929292929;1.253000009999878;1.262251009580475
5.939393939393939;1.252600009999878;1.262354611330727
5.94949494949495;1.252500009999878;1.262457999374512
5.959595959595959;1.252100009999878;1.262561152166389
5.96969696969697;1.251500009999879;1.262664098569074
5.97979797979798;1.251100009999879;1.262766796923622
5.98989898989899;1.250700009999879;1.262869303191307
6;1.250500009999879;1.262971551541464
10;1.139300009999891;1.291763050663558
10.20408163265306;1.135100009999891;1.292813348178452
10.40816326530612;1.131000009999892;1.293836507557399
10.61224489795918;1.126900009999892;1.294833727259267
10.81632653061224;1.123000009999893;1.295806114403616
11.02040816326531;1.119200009999893;1.296754738255962
11.22448979591837;1.115400009999894;1.297680590383734
11.42857142857143;1.111700009999894;1.298584595243113
11.63265306122449;1.108200009999894;1.299467637401221
11.83673469387755;1.104600009999895;1.300330541935433
12.04081632653061;1.101100009999895;1.301174098455334
12.24489795918367;1.097700009999895;1.301999048717169
12.44897959183674;1.094400009999896;1.30280607775064
12.6530612244898;1.091100009999896;1.303595868465952
12.85714285714286;1.087800009999897;1.304369039449097
13.06122448979592;1.084600009999897;1.305126192052949
13.26530612244898;1.081500009999897;1.305867892413535
13.46938775510204;1.078500009999898;1.306594676624437
13.6734693877551;1.075500009999898;1.307307062603459
13.87755102040816;1.072500009999898;1.308005516911306
14.08163265306122;1.069700009999899;1.308690539199693
14.28571428571428;1.066800009999899;1.309362542556638
14.48979591836735;1.064000009999899;1.3100219612178
14.69387755102041;1.061300009999899;1.310669189867775
14.89795918367347;1.0586000099999;1.311304622936156
15.10204081632653;1.0559000099999;1.311928622470864
15.30612244897959;1.0532000099999;1.31254153871501
15.51020408163265;1.050600009999901;1.313143707898688
15.71428571428572;1.048100009999901;1.313735463940201
15.91836734693878;1.045500009999901;1.314317094004973
16.12244897959184;1.043000009999902;1.314888907613008
16.3265306122449;1.040600009999902;1.315451182700345
16.53061224489796;1.038200009999902;1.316004186115342
16.73469387755102;1.035800009999902;1.316548189140993
16.93877551020408;1.033500009999903;1.317083436944233
17.14285714285714;1.031200009999903;1.31761017109234
17.3469387755102;1.028900009999903;1.318128620191996
17.55102040816326;1.026600009999903;1.318639011770913
17.75510204081633;1.024300009999904;1.319141554818552
17.95918367346939;1.022100009999904;1.319636457226692
18.16326530612245;1.020100009999904;1.320123919773445
18.36734693877551;1.017900009999904;1.320604127969202
18.57142857142857;1.015800009999904;1.321077275298982
18.77551020408163;1.013800009999905;1.321543525185652
18.97959183673469;1.011600009999905;1.322003063342174
19.18367346938776;1.009700009999905;1.322456040232966
19.38775510204082;1.007600009999905;1.322902629855627
19.59183673469388;1.005700009999906;1.323342972349757
19.79591836734694;1.003700009999906;1.323777231843625
20;1.001700009999906;1.324205542676618
4000;0.3331000099999796;1.414721031451456
4030.30303030303;0.3325000099999797;1.414739826050694
4060.606060606061;0.3320000099999798;1.414758319663018
4090.909090909091;0.3315000099999798;1.414776513999981
4121.212121212121;0.3309000099999799;1.414794413023535
4151.515151515152;0.3303000099999799;1.414812024362118
4181.818181818182;0.32980000999998;1.414829357414344
4212.121212121212;0.32930000999998;1.414846414896745
4242.424242424242;0.3287000099999801;1.414863198157038
4272.727272727273;0.3282000099999802;1.414879719947589
4303.030303030303;0.3277000099999802;1.414895980600085
4333.333333333333;0.3272000099999803;1.414911986201113
4363.636363636364;0.3267000099999803;1.414927740939055
4393.939393939394;0.3262000099999804;1.414943250205697
4424.242424242424;0.3256000099999805;1.414958513860339
4454.545454545455;0.3252000099999805;1.414973547976599
4484.848484848485;0.3247000099999806;1.414988346468792
4515.151515151515;0.3242000099999806;1.415002916303898
4545.454545454546;0.3237000099999807;1.415017262152071
4575.757575757576;0.3232000099999807;1.415031387558156
4606.060606060606;0.3227000099999808;1.415045296891865
4636.363636363636;0.3223000099999808;1.415058997209906
4666.666666666667;0.3218000099999809;1.415072486125262
4696.969696969697;0.3213000099999809;1.415085770245279
4727.272727272727;0.320800009999981;1.41509885273182
4757.575757575758;0.320400009999981;1.415111740965344
4787.878787878788;0.3199000099999811;1.415124431469125
4818.181818181818;0.3195000099999811;1.415136934139349
4848.484848484848;0.3190000099999812;1.415149245882619
4878.787878787879;0.3186000099999812;1.415161377004224
4909.090909090909;0.3181000099999813;1.41517332264192
4939.393939393939;0.3177000099999813;1.415185093905312
4969.69696969697;0.3173000099999814;1.415196689479027
5000;0.3168000099999814;1.415208109463687
5030.30303030303;0.3164000099999815;1.415219363321496
5060.60606060606;0.3160000099999815;1.415230450287233
5090.909090909091;0.3155000099999816;1.415241369955423
5121.212121212121;0.3151000099999816;1.415252131690869
5151.515151515152;0.3147000099999817;1.415262734789462
5181.818181818182;0.3143000099999817;1.415273181547186
5212.121212121212;0.3139000099999817;1.415283474928737
5242.424242424242;0.3134000099999818;1.415293613921369
5272.727272727273;0.3130000099999818;1.415303607237806
5303.030303030303;0.3126000099999819;1.415313454325859
5333.333333333333;0.3122000099999819;1.415323157225717
5363.636363636364;0.311800009999982;1.415332718455303
5393.939393939394;0.311400009999982;1.415342139922851
5424.242424242424;0.3111000099999821;1.415351427257238
5454.545454545454;0.3107000099999821;1.415360576288421
5484.848484848485;0.3103000099999821;1.415369591401579
5515.151515151515;0.3099000099999822;1.415378476047878
5545.454545454546;0.3095000099999822;1.415387231206563
5575.757575757576;0.3091000099999823;1.415395859058997
5606.060606060606;0.3087000099999823;1.41540436160055
5636.363636363636;0.3084000099999823;1.415412743803357
5666.666666666667;0.3080000099999824;1.415421001483011
5696.969696969697;0.3076000099999824;1.415429139346753
5727.272727272727;0.3072000099999825;1.415437158844824
5757.575757575758;0.3069000099999825;1.415445066275279
5787.878787878788;0.3065000099999826;1.415452855168168
5818.181818181818;0.3062000099999826;1.415460534211593
5848.484848484848;0.3058000099999826;1.415468099205983
5878.787878787879;0.3055000099999827;1.415475557619006
5909.090909090909;0.3051000099999827;1.41548290484279
5939.39393939394;0.3047000099999828;1.415490145607776
5969.69696969697;0.3044000099999828;1.41549728458499
6000;0.3040000099999828;1.415504316720525
6030.30303030303;0.3037000099999829;1.415511250379114
6060.60606060606;0.3033000099999829;1.415518079949641
6090.909090909091;0.3030000099999829;1.415524813889189
6121.212121212121;0.302700009999983;1.415531449981508
6151.515151515152;0.302300009999983;1.41553798611388
6181.818181818182;0.3020000099999831;1.41554443063874
6212.121212121212;0.3017000099999831;1.415550781548474
6242.424242424242;0.3013000099999831;1.415557036431741
6272.727272727272;0.3010000099999832;1.415563203915907
6303.030303030303;0.3007000099999832;1.415569281044313
6333.333333333334;0.3003000099999832;1.415575265982684
6363.636363636364;0.3000000099999833;1.415581167083449
6393.939393939394;0.2997000099999833;1.41558698177991
6424.242424242424;0.2994000099999833;1.415592711176468
6454.545454545454;0.2991000099999834;1.415598356739707
6484.848484848485;0.2987000099999834;1.415603915564561
6515.151515151515;0.2984000099999835;1.415609396250485
6545.454545454546;0.2981000099999835;1.415614796296925
6575.757575757576;0.2978000099999835;1.415620116489568
6606.060606060606;0.2975000099999836;1.415625358094711
6636.363636363636;0.2972000099999836;1.415630522190874
6666.666666666666;0.2969000099999836;1.415635609362242
6696.969696969697;0.2966000099999836;1.415640621402465
6727.272727272728;0.2963000099999837;1.415645558406357
6757.575757575758;0.2960000099999837;1.415650422026722
6787.878787878788;0.2957000099999837;1.415655212803174
6818.181818181818;0.2954000099999838;1.415659931974414
6848.484848484848;0.2951000099999838;1.415664580314511
6878.787878787879;0.2948000099999838;1.415669158185049
6909.090909090909;0.2945000099999839;1.415673667308818
6939.39393939394;0.2942000099999839;1.415678108395697
6969.69696969697;0.2939000099999839;1.415682481815205
7000;0.293600009999984;1.415686788709877
3000;0.3554500100002147;1.413874418459998
3052.631578947368;0.3541000100002133;1.413932630772819
3105.263157894737;0.352750010000212;1.413988918087054
3157.894736842105;0.3514300100002107;1.414043365183988
3210.526315789474;0.3501400100002094;1.414096051947284
3263.157894736842;0.3488500100002081;1.414147053426371
3315.78947368421;0.3476100100002069;1.414196440700103
3368.421052631579;0.3464200100002057;1.414244280424211
3421.052631578948;0.3452100100002045;1.414290636122537
3473.684210526316;0.3440400100002033;1.41433556751804
3526.315789473684;0.3428800100002021;1.414379131261318
3578.947368421052;0.341750010000201;1.414421380873254
3631.578947368421;0.3406500100001999;1.414462367260777
3684.21052631579;0.3395300100001988;1.414502138598776
3736.842105263158;0.3384700100001977;1.414540740794839
3789.473684210526;0.3373800100001966;1.414578217228649
3842.105263157895;0.3363600100001956;1.414614609299185
3894.736842105263;0.3353300100001946;1.41464995632427
3947.368421052632;0.3343200100001936;1.41468429577337
4000;0.3333200100001926;1.414717663336101
7000;0.2938200100001531;1.415682391895001
7052.631578947368;0.2933200100001526;1.415689701851529
7105.263157894737;0.292800010000152;1.415696817994273
7157.894736842105;0.2923300100001516;1.41570374467077
7210.526315789473;0.2918400100001511;1.415710485835854
7263.157894736842;0.2913600100001506;1.415717045319014
7315.789473684211;0.2908900100001501;1.41572342692592
7368.421052631579;0.2904100100001497;1.415729634474274
7421.052631578948;0.2899500100001492;1.415735671443152
7473.684210526316;0.2894700100001487;1.415741541423828
7526.315789473684;0.2890000100001482;1.415747247792101
7578.947368421052;0.2885600100001478;1.415752793922274
7631.578947368421;0.2881100100001474;1.415758182991399
7684.210526315789;0.2876500100001469;1.41576341830782
7736.842105263158;0.2872000100001464;1.415768502852618
7789.473684210527;0.286770010000146;1.415773439565948
7842.105263157895;0.2863100100001456;1.415778231438189
7894.736842105263;0.2858800100001451;1.415782881318928
7947.368421052632;0.2854800100001447;1.415787392002482
8000;0.2850300100001443;1.415791766283867
8000;0.2850300100001443;1.415791766283867
8105.263157894737;0.2841800100001434;1.415800115852595
8210.526315789473;0.2833400100001426;1.415807950458124
8315.78947368421;0.2825200100001418;1.415815289552266
8421.052631578947;0.281730010000141;1.415822151613027
8526.315789473683;0.2809100100001402;1.415828554475289
8631.578947368422;0.2801300100001394;1.415834514794026
8736.842105263158;0.2793600100001386;1.415840048918436
8842.105263157895;0.2785900100001378;1.415845171998493
8947.368421052632;0.2778500100001371;1.415849898845105
9052.631578947368;0.2771200100001364;1.41585424343073
9157.894736842105;0.2763700100001356;1.415858219162349
9263.157894736842;0.2756800100001349;1.415861838959996
9368.421052631578;0.2749700100001342;1.415865115119697
9473.684210526317;0.2742600100001335;1.415868059372417
9578.947368421053;0.2735700100001328;1.415870682977116
9684.21052631579;0.2728900100001321;1.415872996774838
9789.473684210527;0.2722100100001315;1.4158750111561
9894.736842105263;0.2715600100001308;1.41587673607733
10000;0.2708900100001301;1.415878181079
10000;0.2708500100001301;1.415878181084105
10526.31578947368;0.2677000100001269;1.415881515458445
11052.63157894737;0.264720010000124;1.415879084445821
11578.94736842105;0.2619200100001212;1.415871730200794
12105.26315789474;0.2592700100001185;1.415860152368791
12631.57894736842;0.256740010000116;1.41584493634679
13157.8947368421;0.2543500100001136;1.415826575699861
13684.21052631579;0.2520700100001113;1.415805488400682
14210.52631578947;0.2499000100001091;1.41578203111487
14736.84210526316;0.2478200100001071;1.415756509085826
15263.15789473684;0.2458300100001051;1.415729185283498
15789.47368421053;0.2439100100001032;1.415700286974384
16315.78947368421;0.2420700100001013;1.415670011480232
16842.10526315789;0.2403100100000995;1.415638530800016
17368.42105263158;0.2386100100000978;1.415605995037369
17894.73684210526;0.2369800100000962;1.415572536113933
18421.05263157895;0.2354000100000946;1.415538269923031
18947.36842105263;0.2338700100000931;1.415503298659556
19473.68421052631;0.2323900100000916;1.415467712656828
20000;0.2309600100000902;1.415431592219627
20000;0.2309700100001606;1.415431537339187
22222.22222222222;0.225400010000155;1.415274623769212
24444.44444444445;0.2204800100001501;1.415113341722385
26666.66666666667;0.2160700100001457;1.414950254833411
28888.88888888889;0.2120850100001417;1.414787004554058
31111.11111111111;0.2084650100001381;1.414624654600194
33333.33333333334;0.2051400100001348;1.414463896402333
35555.55555555555;0.2020800100001317;1.414305176038672
37777.77777777778;0.1992350100001289;1.414148774826363
40000;0.1965950100001262;1.413994862003803
2270;0.3781700100002374;1.412806684577238
340;0.5692000099999537;1.396946664149346
500;0.5248000099999586;1.40163562863871
1000;0.4524000099999665;1.408019408525133
700;0.4885000099999625;1.405036998706565
200;0.6356000099999464;1.388913246950186
2000;0.3886000099999735;1.412236941220445
2254;0.3786000099999746;1.412778776449255
