1e-08;500000;1.547323485965022e-20;46419.70457895066
0.00010001;499999.7670656781;8.490969550967689e-08;46419.68826575235
0.00020001;499964.3855469171;5.094060808627138e-07;46417.21035374595
0.00030001;499902.6708023496;1.612966212453423e-06;46412.88811609283
0.00040001;499813.3969281049;3.734909058155274e-06;46406.63552389447
0.0005000100000000001;499696.6145318021;7.21431044979315e-06;46398.45586930037
0.0006000100000000001;499552.4730661593;1.238991938077122e-05;46388.35929131599
0.0007000100000000002;499381.1089132605;1.960007494355166e-05;46376.35493885349
0.0008000100000000002;499182.6377972133;2.918262367207971e-05;46362.45043996711
0.0009000100000000002;498957.1601365892;4.147483721094413e-05;46346.65227720484
0.00100001;498704.7665933911;5.681333028949848e-05;46328.96617669057
0.00110001;498425.5422163699;7.553397900329778e-05;46309.39739877861
0.00120001;498119.5693448047;9.797183941687401e-05;46287.95094190723
0.00130001;497786.929625642;0.0001244610665080308;46264.63168438842
0.00140001;497427.705425125;0.0001553348334772949;46239.44448383288
0.00150001;497041.9808288062;0.0001909252514481762;46212.39424777977
0.00160001;496629.8423590438;0.0002315632895850776;46183.485984575
0.00170001;496191.3794956831;0.0002775786956563978;46152.72484051118
0.001800010000000001;495726.6850573232;0.0003292999170707631;46120.11612724401
0.001900010000000001;495235.8554821435;0.0003870540224144968;46085.66534220804
0.00200001;494718.9910351544;0.0004511666235184794;46049.37818392843
0.00210001;494176.1959606766;0.0005219617980824884;46011.26056352716
0.00220001;493607.578593414;0.0005997620128849607;45971.31861337167
0.00230001;493013.251437753;0.0006848880476059385;45929.55869354646
0.00240001;492393.3312223292;0.0007776589192906989;45885.98739661094
0.00250001;491747.9389350738;0.0008783918074812927;45840.61155104953
0.002600009999999999;491077.1998426449;0.0009874019800429135;45793.43822365095
0.002700009999999999;490381.2434972038;0.001105002719711655;45744.47472104044
0.002800009999999999;489660.2037328079;0.001231505251389866;45693.72859052446
0.002900009999999999;488914.2186531738;0.001367218670214925;45641.20762035938
0.003000009999999999;488143.4306121878;0.001512449870426838;45586.91983955383
0.003100009999999999;487347.9861882493;0.00166750347505965;45530.8735172681
0.003200009999999998;486528.0361533117;0.001832681766481206;45473.07716186922
0.003300009999999998;485683.7354373193;0.002008284617805354;45413.53951970887
0.003400009999999998;484815.2430886047;0.002194609425200197;45352.2695736345
0.003500009999999998;483922.7222307118;0.002391951041115519;45289.27654128646
0.003600009999999998;483006.3400160274;0.002600601708452007;45224.56987320106
0.003700009999999998;482066.267576542;0.002820850995694397;45158.15925073881
0.003800009999999997;481102.6799720103;0.003052985733030116;45090.05458385581
0.003900009999999997;480115.7561357401;0.003297289949474474;45020.26600873546
0.004000009999999997;479105.6788182072;0.003554044811022928;44948.80388529381
0.004100009999999998;478072.6345286673;0.003823528559850351;44875.67879456728
0.004200009999999998;477016.8134749138;0.004106016454576698;44800.90153599254
0.004300009999999998;475938.4095013147;0.004401780711617875;44724.48312458501
0.004400009999999998;474837.6200252451;0.004711090447640035;44646.43478803313
0.004500009999999999;473714.6459720219;0.005034211623134946;44566.76796369757
0.004600009999999999;472569.6917084375;0.005371406987133436;44485.49429553266
0.004700009999999999;471402.9649749798;0.005722936023073368;44402.62563094073
0.00480001;470214.6768168203;0.006089054895837959;44318.17401754532
0.00490001;469005.0415136463;0.006470016399979598;44232.15169989973
0.00500001;467774.2765084085;0.006866069909143775;44144.57111614291
0.00510001;466522.6023350498;0.007277461326707052;44055.44489458634
0.005200010000000001;465250.2425452807;0.007704433037642343;43964.78585024342
0.005300010000000001;463957.423634461;0.008147223861624192;43872.60698131839
0.005400010000000001;462644.3749666467;0.008606069007386093;43778.92146563687
0.005500010000000001;461311.3286988573;0.009081200028341181;43683.74265703018
0.005600010000000002;459958.5197046197;0.009572844779477025;43587.08408167354
0.005700010000000002;458586.1854968399;0.01008122737553462;43488.95943439357
0.005800010000000002;457194.5661500543;0.01060656815048098;43389.38257492229
0.005900010000000002;455783.9042221112;0.01114908361828409;43288.36752412324
0.006000010000000003;454354.4446753315;0.01170898643499835;43185.92846018261
0.006100010000000003;452906.4347971961;0.01228648536216796;43082.07971476632
0.006200010000000003;451440.1241206074;0.01288178523155496;42976.83576914085
0.006300010000000003;449955.7643437727;0.01349508691119821;42870.21125028409
0.006400010000000004;448453.6092497518;0.01412658727280868;42762.22092694769
0.006500010000000004;446933.9146257181;0.01477647916050592;42652.87970571323
0.006600010000000004;445396.9381819738;0.01544495136089988;42542.20262701913
0.006700010000000005;443842.9394707641;0.01613218857452167;42430.20486116576
0.006800010000000005;442272.1798049347;0.01683837138860595;42316.90170430886
0.006900010000000005;440684.9221764726;0.01756367625122754;42202.30857443361
0.007000010000000005;439081.431174974;0.01830827544679339;42086.44100730964
0.007100010000000006;437461.9729060799;0.01907233707289126;41969.31465244866
0.007200010000000006;435826.8149099196;0.01985602501849531;41850.94526903168
0.007300010000000006;434176.2260796031;0.02065949894352812;41731.34872184425
0.007400010000000006;432510.4765798018;0.02148291425977854;41610.54097719639
0.007500010000000007;430829.8377654558;0.02232642211317354;41488.53809884217
0.007600010000000007;429134.582100647;0.02319016936740209;41365.35624388804
0.007700010000000007;427424.9830776762;0.02407429858888822;41241.01165871171
0.007800010000000007;425701.3151363797;0.02497894803310988;41115.52067487035
0.007900010000000008;423963.8535837249;0.02590425163225979;40988.8997050153
0.008000010000000007;422212.8745137177;0.02685033898424357;40861.16523881313
0.008100010000000006;420448.6547276602;0.02781733534301012;40732.33383886367
0.008200010000000006;418671.4716547917;0.02880536161020856;40602.4221366321
0.008300010000000005;416881.6032733477;0.02981453432816548;40471.44682838847
0.008400010000000005;415079.3280320701;0.03084496567417569;40339.42467115196
0.008500010000000004;413264.9247722031;0.03189676345609915;40206.37247865382
0.008600010000000003;411438.6726500046;0.03297003110925614;40072.30711730617
0.008700010000000003;409600.8510598068;0.0340648676946123;39937.24550218924
0.008800010000000002;407751.7395576552;0.03518136789824466;39801.20459305972
0.008900010000000002;405891.617785558;0.03631962203207917;39664.20139035887
0.009000010000000001;404020.765396374;0.03747971603588971;39526.25293126371
0.00910001;402139.4619793675;0.03866173148054846;39387.37628573937
0.00920001;400247.9869864602;0.03986574557251636;39247.58855261911
0.009300009999999999;398346.6196592053;0.04109183115956255;39106.90685570997
0.009400009999999999;396435.6389565115;0.04234005673770089;38965.34833992
0.009500009999999998;394515.3234831424;0.04361048645933138;38822.93016741207
0.009600009999999997;392585.9514190168;0.04490318014257361;38679.66951378214
0.009700009999999997;390647.8004493332;0.04621819328177938;38535.58356426774
0.009800009999999996;388701.1476955432;0.04755557705921061;38390.68950998508
0.009900009999999996;386746.2696471965;0.04891537835786913;38245.00454419984
0.01000000999999999;384783.4420946778;0.05029763977546345;38098.54585861996
0.01010000999999999;382812.9400628594;0.05170239963949833;37951.33063973485
0.01020000999999999;380835.0377456885;0.0531296920234718;37803.37606517705
0.01030000999999999;378850.0084417277;0.05457954676416431;37654.69930011977
0.01040000999999999;376858.1244906712;0.05605198948000435;37505.3174937237
0.01050000999999999;374859.6572108497;0.05754704159049442;37355.24777560092
0.01060000999999999;372854.8768377466;0.05906472033668092;37204.507252328
0.01070000999999999;370844.0524635373;0.06060503880265138;37053.11300400191
0.01080000999999999;368827.4519776705;0.06216800593804202;36901.08208082365
0.01090000999999999;366805.3420085049;0.06375362658153844;36748.43149973293
0.01100000999999999;364777.987866016;0.06536190148535173;36595.17824107699
0.01110000999999999;362745.6534855857;0.06699282734065269;36441.33924533224
0.01120000999999999;360708.6013728877;0.06864639680394569;36286.93140985345
0.01130000999999999;358667.0925498807;0.07032259852436412;36131.97158568128
0.01140000999999999;356621.386501919;0.07202141717186912;35976.47657438555
0.01150000999999999;354571.7411259931;0.07374283346633288;35820.46312496447
0.01160000999999999;352518.4126801069;0.07548682420748758;35663.94793077046
0.01170000999999998;350461.6557338022;0.07725336230572095;35506.94762650545
0.01180000999999998;348401.7231198375;0.07904241681369963;35349.47878524765
0.01190000999999998;346338.8658870285;0.08085395295880057;35191.55791553584
0.01200000999999998;344273.3332542565;0.08268793217633133;35033.20145849179
0.01210000999999998;342205.37256565;0.0845443121435193;34874.42578500073
0.01220000999999998;340135.2292469459;0.08642304681425088;34715.24719294468
0.01230000999999998;338063.1467630317;0.08832408645453996;34555.68190446634
0.01240000999999998;335989.3665766754;0.09024737767870634;34395.74606330945
0.01250000999999998;333914.1281084435;0.092192863486244;34235.45573218814
0.01260000999999998;331837.6686978092;0.0941604832993591;34074.82689022165
0.01270000999999998;329760.2235654547;0.09615017300115766;33913.87543041158
0.01280000999999998;327682.0257767646;0.09816186497446296;33752.61715718082
0.01290000999999998;325603.3062065126;0.100195488141242;33591.06778394851
0.01300000999999998;323524.2935047417;0.1022509680026216;33429.24293078
0.01310000999999998;321445.2140638336;0.1043282266794727;33267.15812206428
0.01320000999999998;319366.2919867681;0.1064271829535445;33104.82878427079
0.01330000999999997;317287.7490565688;0.1085477523091261;32942.27024372986
0.01340000999999997;315209.8047069318;0.1106898469752172;32779.49772449642
0.01350000999999997;313132.6759940344;0.1128533759681868;32616.52634624385
0.01360000999999997;311056.5775695184;0.1150382451349001;32453.37112222515
0.01370000999999997;308981.7216546435;0.1172443571962935;32290.04695727587
0.01380000999999997;306908.3180156059;0.1194716117913774;32126.56864588602
0.01390000999999997;304836.5739400153;0.1217199055216474;31962.95087030672
0.01400000999999997;302766.6942145235;0.123989131995884;31799.20819873233
0.01410000999999997;300698.8811035987;0.1262791818753208;31635.35508351225
0.01420000999999997;298633.3343294364;0.1285899429191609;31471.40585943552
0.01430000999999997;296570.2510529997;0.1309213000304239;31307.37474206177
0.01440000999999997;294509.8258561806;0.1332731353021017;31143.27582610011
0.01450000999999997;292452.2507250721;0.1356453280636055;30979.12308384783
0.01460000999999997;290397.715034343;0.1380377549274845;30814.93036368707
0.01470000999999997;288346.4055327047;0.1404502898363962;30650.71138861642
0.01480000999999997;286298.5063294589;0.1428828041103107;30486.47975485905
0.01490000999999997;284254.1988821175;0.1453351664939303;30322.24893049987
0.01500000999999996;282213.6619850814;0.1478072432043042;30158.03225419104
0.01510000999999996;280177.0717593675;0.1502988979786221;29993.84293390731
0.01520000999999996;278144.6016433727;0.1528099921221666;29829.69404574154
0.01530000999999996;276116.422384661;0.1553403845564079;29665.59853276976
0.01540000999999996;274092.7020327628;0.1578899318672216;29501.56920395219
0.01550000999999996;272073.6059329718;0.1604584883532128;29337.61873308845
0.01560000999999996;270059.2967211283;0.1630459060741292;29173.75965783232
0.01570000999999996;268049.9343193733;0.1656520348993451;29010.00437874328
0.01580000999999996;266045.6759328606;0.1682767225563998;28846.36515839855
0.01590000999999996;264046.6760474131;0.1709198146795738;28682.85412054336
0.01600000999999996;262053.0864281087;0.173581154858486;28519.4832493049
0.01610000999999996;260065.0561187801;0.1762605846866951;28356.26438844008
0.01620000999999996;258082.7314424165;0.1789579438102903;28193.20924064126
0.01630000999999996;256106.2560024483;0.1816730699764535;28030.32936687945
0.01640000999999996;254135.7706849041;0.1844057990819795;27867.63618581292
0.01650000999999996;252171.4136614204;0.1871559652217376;27705.1409732167
0.01660000999999996;250213.3203930912;0.1899234007370589;27542.85486148224
0.01670000999999996;248261.6236351412;0.1927079362640359;27380.78883914391
0.01680000999999996;246316.4534424057;0.1955094007817189;27218.95375046663
0.01690000999999995;244377.9371756029;0.1983276216601951;27057.36029506684
0.01700000999999995;242446.1995083809;0.2011624247085353;26896.01902757449
0.01710000999999995;240521.362435125;0.2040136342225961;26734.94035735802
0.01720000999999995;238603.5452795065;0.2068810730326628;26574.13454826974
0.01730000999999995;236692.8647037598;0.2097645625509203;26413.61171843974
0.01740000999999995;234789.4347186685;0.2126639228187374;26253.38184012353
0.01750000999999995;232893.3666942455;0.2155789725537552;26093.45473957802
0.01760000999999995;231004.7693710909;0.2185095291967626;25933.84009697457
0.01770000999999995;229123.7488724095;0.2214554089583508;25774.54744637329
0.01780000999999995;227250.4087166733;0.2244164268653321;25615.5861757072
0.01790000999999995;225384.8498309106;0.2273923968069128;25456.96552682966
0.01800000999999995;223527.1705646068;0.2303831315806077;25298.69459558556
0.01810000999999995;221677.4667041988;0.2333884429378865;25140.782331928
0.01820000999999995;219835.8314881474;0.2364081416295405;24983.2375400664
0.01830000999999995;218002.3556225705;0.2394420374507586;24826.06887864989
0.01840000999999995;216177.1272974216;0.2424899392859032;24669.28486099713
0.01850000999999995;214360.2322031956;0.2455516551529759;24512.89385533863
0.01860000999999994;212551.7535481474;0.2486269922477628;24356.9040851258
0.01870000999999994;210751.7720760053;0.2517157569876509;24201.32362933658
0.01880000999999994;208960.3660841633;0.2548177550551051;24046.16042284491
0.01890000999999994;207177.6114423377;0.2579327914407984;23891.42225680554
0.01900000999999994;205403.5816116694;0.2610606704863864;23737.11677907236
0.01910000999999994;203638.3476642575;0.2642011959269164;23583.25149465052
0.01920000999999994;201881.9783031087;0.2673541709328658;23429.83376618452
0.01930000999999994;200134.5398824853;0.2705193981517993;23276.87081445915
0.01940000999999994;198396.096428637;0.2736966797496392;23124.36971894581
0.01950000999999994;196666.7096609013;0.2768858174515416;22972.33741836926
0.01960000999999994;194946.4390131562;0.2800866125823696;22820.78071130274
0.01970000999999994;193235.3416556114;0.2832988661067607;22669.70625679231
0.01980000999999994;191533.4725169206;0.2865223786687772;22519.1205749987
0.01990000999999994;189840.8843066031;0.289756950631138;22369.03004788217
0.02000000999999994;188157.6275377566;0.293002382114023;22219.44091989472
0.02010000999999994;186483.7505500493;0.2962584730334459;22070.35929869946
0.02020000999999993;184819.2995329752;0.2995250231391893;21921.79115593133
0.02030000999999993;183164.3185493594;0.3028018320522983;21773.74232794844
0.02040000999999993;181518.8495590981;0.3060886993021259;21626.21851664005
0.02050000999999993;179882.9324431206;0.3093854243629276;21479.22529022777
0.02060000999999993;178256.6050275592;0.3126918066899995;21332.7680841103
0.02070000999999993;176639.9031081127;0.3160076457553572;21186.85220171163
0.02080000999999993;175032.8604745915;0.3193327410829494;21041.48281535385
0.02090000999999993;173435.5089356301;0.3226668922834056;20896.66496715511
0.02100000999999993;171847.8783435548;0.3260098990883122;20752.40356994273
0.02110000999999993;170269.9966193926;0.3293615613840158;20608.7034081772
0.02120000999999993;168701.8897780108;0.3327216792449486;20465.5691388986
0.02130000999999993;167143.5819533734;0.336090052966475;20323.00529269747
0.02140000999999993;165595.0954239027;0.3394664830972575;20181.01627468848
0.02150000999999993;164056.4506379335;0.3428507704711373;20039.60636550175
0.02160000999999993;162527.6662392503;0.34624271623853;19898.77972229846
0.02170000999999993;161008.7590926932;0.3496421218973336;19758.54037979259
0.02180000999999993;159499.7443098238;0.3530487893233474;19618.89225128383
0.02190000999999992;158000.6352746381;0.3564625208002004;19479.83912971302
0.02200000999999992;156511.4436693171;0.359883119048788;19341.38468871786
0.02210000999999992;155032.1795000035;0.3633103872562173;19203.53248371513
0.02220000999999992;153562.8511225946;0.3667441291042577;19066.28595297752
0.02230000999999992;152103.4652685419;0.3701841487972996;18929.64841873886
0.02240000999999992;150654.027070645;0.3736302510898175;18793.62308828997
0.02250000999999992;149214.5400888344;0.3770822413133399;18658.21305510052
0.02260000999999992;147785.0063359291;0.3805399254029248;18523.42129994606
0.02270000999999992;146365.4263033631;0.3840031099231415;18389.25069203653
0.02280000999999992;144955.7989868704;0.3874716020935592;18255.70399015879
0.02290000999999992;143556.1219121193;0.3909452098137417;18122.78384383025
0.02300000999999992;142166.3911602892;0.3944237416877511;17990.49279444727
0.02310000999999992;140786.6013935796;0.3979070070481595;17858.83327645446
0.02320000999999992;139416.7458806439;0.4013948159795703;17727.80761850941
0.02330000999999992;138056.816521941;0.4048869793416517;17597.41804465853
0.02340000999999992;136706.8038749953;0.4083833087916811;17467.66667551768
0.02350000999999991;135366.6971795593;0.4118836168066043;17338.55552945159
0.02360000999999991;134036.4843826704;0.4153877167046101;17210.08652376884
0.02370000999999991;132716.1521635954;0.4188954226662222;17082.26147590754
0.02380000999999991;131405.6859586558;0.4224065497549106;16955.08210463295
0.02390000999999991;130105.0699859274;0.4259209139372239;16828.55003123666
0.02400000999999991;128814.2872698073;0.4294383321024458;16702.66678073391
0.02410000999999991;127533.3196654434;0.4329586220817773;16577.43378307041
0.02420000999999991;126262.1478830183;0.4364816026670474;16452.8523743209
0.02430000999999991;125000.7515118841;0.4400070936289545;16328.92379790068
0.02440000999999991;123749.1090445411;0.4435349157348422;16205.64920576425
0.02450000999999991;122507.197900456;0.4470648907660107;16083.02965962007
0.02460000999999991;121274.9944497125;0.4505968415345684;15961.06613212923
0.02470000999999991;120052.4740364928;0.4541305918998256;15839.75950811829
0.02480000999999991;118839.6110023815;0.457665966784234;15719.11058577949
0.02490000999999991;117636.3787094896;0.4612027921888745;15599.12007787884
0.02500000999999991;116442.749563394;0.464740895208498;15479.78861295675
0.02510000999999991;115258.6950358871;0.4682801040461211;15361.11673653183
0.0252000099999999;114084.1856875344;0.4718202480271807;15243.10491229532
0.0253000099999999;112919.1911900342;0.4753611576132518;15125.7535233173
0.0254000099999999;111763.6803483767;0.4789026644153317;15009.06287323009
0.0255000099999999;110617.6211228007;0.4824446012066935;14893.03318742662
0.0256000099999999;109480.9806505402;0.4859868019353136;14777.66461424488
0.0257000099999999;108353.7252673634;0.4895291017358778;14662.95722615618
0.0258000099999999;107235.8205288964;0.4930713369413682;14548.91102094178
0.0259000099999999;106127.2312317309;0.4966133450942367;14435.52592287288
0.0260000099999999;105027.9214343141;0.5001549649571673;14322.80178387599
0.0261000099999999;103937.854477616;0.5036960365234325;14210.73838470885
0.0262000099999999;102856.9930055742;0.5072364010268494;14099.33543611872
0.0263000099999999;101785.2989853118;0.5107759009513361;13988.59257999832
0.0264000099999999;100722.7337271287;0.5143143800400762;13878.50939054132
0.0265000099999999;99669.25790426176;0.5178516833042942;13769.08537538382
0.0266000099999999;98624.83157241553;0.5213876570316456;13660.31997675004
0.0267000099999999;97589.41418905827;0.5249221487942279;13552.21257258365
0.0268000099999999;96562.96463248442;0.5284550074562161;13444.76247767801
0.02690000999999989;95545.44122064141;0.5319860831811253;13337.96894479183
0.02700000999999989;94536.80172971956;0.5355152274387091;13231.83116577555
0.02710000999999989;93537.00341250398;0.5390422930114946;13126.34827266596
0.02720000999999989;92546.00301648796;0.5425671340009606;13021.51933879842
0.02730000999999989;91563.75680174657;0.5460896058333624;12917.34337989543
0.02740000999999989;90590.22055857029;0.5496095652652098;12813.8193551535
0.02750000999999989;89625.34962485784;0.5531268703884002;12710.94616832522
0.02760000999999989;88669.09890326776;0.5566413806350143;12608.72266878273
0.02770000999999989;87721.42287812865;0.5601529567817761;12507.14765259265
0.02780000999999989;86782.27563210757;0.5636614609541858;12406.21986356176
0.02790000999999989;85851.61086263714;0.5671667566303267;12305.93799429148
0.02800000999999989;84929.38189810012;0.5706687086443528;12206.30068721223
0.02810000999999989;84015.54171377301;0.5741671831896614;12107.30653561502
0.02820000999999989;83110.04294752827;0.5776620478217543;12008.95408467422
0.02830000999999989;82212.83791529488;0.5811531714607957;11911.24183246479
0.02840000999999989;81323.87862627847;0.5846404243938675;11814.16823096179
0.02850000999999988;80443.1167979415;0.5881236782769294;11717.73168703659
0.02860000999999988;79570.50387074346;0.5916028061364871;11621.93056345167
0.02870000999999988;78705.99102264209;0.5950776823709756;11526.76317982992
0.02880000999999988;77849.52918335662;0.5985481827518586;11432.227813627
0.02890000999999988;77001.06904839334;0.6020141844244524;11338.3227010933
0.02900000999999988;76160.56109283488;0.6054755659084774;11245.0460382236
0.02910000999999988;75327.95558489377;0.6089322070983415;11152.39598169635
0.02920000999999988;74503.20259923168;0.6123839892631621;11060.37064981334
0.02930000999999988;73686.25203004501;0.615830795046528;10968.96812340776
0.02940000999999988;72877.0536039189;0.6192725084660092;10878.18644677378
0.02950000999999988;72075.55689244952;0.6227090149124176;10788.0236285581
0.02960000999999988;71281.71132463738;0.6261402011488235;10698.4776426624
0.02970000999999988;70495.46619905204;0.6295659553093332;10609.54642912046
0.02980000999999988;69716.77069577017;0.6329861668976308;10521.22789497969
0.02990000999999988;68945.57388808811;0.6364007267852902;10433.51991515974
0.03000000999999988;68181.82475401074;0.6398095272098621;10346.4203333151
0.03010000999999988;67425.47218751813;0.6432124617727376;10259.92696267096
0.03020000999999987;66676.46500961154;0.6466094254367981;10174.03758687119
0.03030000999999987;65934.75197914046;0.6500003145238504;10088.74996079141
0.03040000999999987;65200.28180341268;0.6533850267118559;10004.06181136816
0.03050000999999987;64473.00314858856;0.6567634610319553;9919.970838391548
0.03060000999999987;63752.8646498623;0.6601355178652945;9836.474715315493
0.03070000999999987;63039.81492143047;0.6635010989396571;9753.571090033947
0.03080000999999987;62333.80256625183;0.6668601073259053;9671.257585662606
0.03090000999999987;61634.77618559808;0.6702124474342349;9589.531801304576
0.03100000999999987;60942.68438839947;0.6735580250102496;9508.3913128077
0.03110000999999987;60257.47580038557;0.6768967471308575;9427.833673513715
0.03120000999999987;59579.09907302465;0.6802285221999936;9347.856414993455
0.03130000999999987;58907.50289226248;0.6835532599441749;9268.457047775766
0.03140000999999987;58242.63598706364;0.6868708714078887;9189.633062066416
0.03150000999999988;57584.44713775651;0.690181268948821;9111.381928453216
0.03160000999999988;56932.88518418475;0.693484366232928;9033.701098608781
0.03170000999999988;56287.89903366705;0.6967800782293539;8956.588005973977
0.03180000999999989;55649.4376687674;0.7000683212052022;8880.040066448268
0.03190000999999989;55017.45015487774;0.7033490127201598;8804.05467904435
0.03200000999999989;54391.88564761572;0.7066220716209805;8728.629226558918
0.03210000999999989;53772.69340003913;0.709887418035832;8653.761076219032
0.0322000099999999;53159.82276967991;0.7131449733685091;8579.44758032251
0.0323000099999999;52553.22322539925;0.7163946602925179;8505.686076876
0.0324000099999999;51952.84435406612;0.7196364027450334;8432.473890205501
0.03250000999999991;51358.63586706228;0.7228701259207344;8359.80833157555
0.03260000999999991;50770.54760661478;0.7260957562655214;8287.686699797025
0.03270000999999991;50188.52955195885;0.7293132214701191;8216.106281813294
0.03280000999999991;49612.53182533363;0.7325224504635673;8145.064353289471
0.03290000999999992;49042.50469781239;0.7357233734066025;8074.558179180452
0.03300000999999992;48478.39859497028;0.7389159216849372;8004.58501431211
0.03310000999999992;47920.16410239059;0.7421000279024387;7935.142103927668
0.03320000999999993;47367.75197101317;0.7452756258742074;7866.226684232097
0.03330000999999993;46821.11312232695;0.7484426506195629;7797.83598294632
0.03340000999999993;46280.1986534076;0.7516010383549393;7729.967219820339
0.03350000999999993;45744.9598418045;0.7547507264866911;7662.617607171421
0.03360000999999994;45215.34815027742;0.7578916536038172;7595.784350384939
0.03370000999999994;44691.31523138658;0.7610237594706013;7529.464648423603
0.03380000999999994;44172.81293193742;0.7641469850191746;7463.655694319619
0.03390000999999995;43659.79329728319;0.7672612723420036;7398.354675668469
0.03400000999999995;43152.20857548603;0.7703665646843064;7333.558775097839
0.03410000999999995;42650.01122134076;0.7734628064363984;7269.265170746284
0.03420000999999995;42153.15390026192;0.7765499431259727;7205.471036717462
0.03430000999999996;41661.58949203735;0.7796279214103172;7142.17354354073
0.03440000999999996;41175.27109444959;0.7826966890684711;7079.369858607742
0.03450000999999996;40694.15202676836;0.7857561949933227;7017.057146615402
0.03460000999999997;40218.18583311502;0.7888063891836541;6955.23256999464
0.03470000999999997;39747.32628570213;0.7918472227361333;6893.893289329681
0.03480000999999997;39281.52738794998;0.7948786478372561;6833.036463769779
0.03490000999999997;38820.74337748199;0.7979006177552408;6772.659251433332
0.03500000999999998;38364.92872900141;0.8009130868318783;6712.758809805978
0.03510000999999998;37914.03815705137;0.8039160104743431;6653.332296137219
0.03520000999999998;37468.02661865971;0.8069093451469621;6594.376867807006
0.03530000999999999;37026.84931587199;0.809893048362948;6535.889682718256
0.03540000999999999;36590.46169817335;0.8128670786760985;6477.867899647476
0.03550000999999999;36158.81946480216;0.8158313956724619;6420.308678609455
0.03560000999999999;35731.87856695708;0.8187859599619745;6363.209181219131
0.03570001;35309.59520989964;0.8217307331700705;6306.566571016993
0.03580001;34891.92585495444;0.8246656779292657;6250.378013825954
0.03590001;34478.82722140856;0.8275907578707205;6194.640678071972
0.03600001000000001;34070.25628831251;0.8305059376157785;6139.351735104007
0.03610001000000001;33666.1702961847;0.8334111827674902;6084.508359523157
0.03620001000000001;33266.52674862088;0.8363064599021172;6030.107729477914
0.03630001000000001;32871.28341381109;0.8391917365606232;5976.147026977416
0.03640001000000002;32480.39832596507;0.8420669812401526;5922.623438185303
0.03650001000000002;32093.82978664921;0.8449321633854988;5869.534153708833
0.03660001000000002;31711.5363660356;0.8477872533805624;5816.876368877617
0.03670001000000003;31333.47690406636;0.8506322225398025;5764.647284026031
0.03680001000000003;30959.61051153362;0.8534670430996857;5712.844104765228
0.03690001000000003;30589.8965710778;0.8562916882101292;5661.464042238319
0.03700001000000003;30224.29473810592;0.8591061319259442;5610.504313388875
0.03710001000000004;29862.76494163145;0.8619103491982791;5559.962141204401
0.03720001000000004;29505.26738503747;0.8647043158660637;5509.834754962498
0.03730001000000004;29151.76254676477;0.8674880086474581;5460.119390476529
0.03740001000000005;28802.21118092681;0.8702614051313083;5410.813290325092
0.03750001000000005;28456.57431785263;0.8730244837686064;5361.913704078717
0.03760001000000005;28114.81326456037;0.8757772238639587;5313.417888521207
0.03770001000000005;27776.88960516195;0.8785196055670674;5265.323107876075
0.03780001000000006;27442.76520120088;0.8812516098642205;5217.626634001626
0.03790001000000006;27112.40219192506;0.8839732185697949;5170.325746609575
0.03800001000000006;26785.7629944958;0.8866844143177766;5123.417733460287
0.03810001000000007;26462.81030413459;0.8893851805532926;5076.899890555793
0.03820001000000007;26143.50709420933;0.8920755015241617;5030.769522325309
0.03830001000000007;25827.81661626145;0.8947553622724638;4985.023941825995
0.03840001000000007;25515.70239997484;0.8974247486261284;4939.660470896338
0.03850001000000008;25207.12825308934;0.9000836471905447;4894.676440359703
0.03860001000000008;24902.05826125851;0.9027320453401928;4850.069190163674
0.03870001000000008;24600.45678785464;0.9053699312102967;4805.836069564368
0.03880001000000009;24302.2884737214;0.9079972936885048;4761.974437279046
0.03890001000000009;24007.5182368759;0.9106141224065949;4718.481661644119
0.03900001000000009;23716.11127216106;0.9132204077322038;4675.355120751968
0.03910001000000009;23428.03305085074;0.9158161407605856;4632.592202614813
0.0392000100000001;23143.24932020716;0.9184013133064011;4590.190305295399
0.0393000100000001;22861.72610299357;0.9209759178955328;4548.146837038637
0.0394000100000001;22583.42969694252;0.923539947756932;4506.459216410915
0.03950001000000011;22308.32667418118;0.926093396814499;4465.124872428273
0.03960001000000011;22036.38388061473;0.9286362596789942;4424.141244673669
0.03970001000000011;21767.56843526963;0.9311685316399833;4383.505783419793
0.03980001000000011;21501.84772959706;0.9336902086578146;4343.215949738833
0.03990001000000012;21239.18942673882;0.9362012873556346;4303.269215624513
0.04000001000000012;20979.56146075528;0.9387017650114371;4263.663064083139
0.04010001000000012;20722.93203581834;0.9411916395501492;4224.394989250617
0.04020001000000013;20469.26962536884;0.9436709095357566;4185.462496485474
0.04030001000000013;20218.54297124042;0.9461395741634638;4146.863102458648
0.04040001000000013;19970.72108275114;0.9485976332518955;4108.594335257563
0.04050001000000013;19725.77323576283;0.9510450872353373;4070.653734462491
0.04060001000000014;19483.66897171014;0.9534819371560144;4033.038851233033
0.04070001000000014;19244.37809659991;0.9559081846564137;3995.747248397729
0.04080001000000014;19007.870679982;0.9583238319716472;3958.776500518837
0.04090001000000015;18774.11705389247;0.9607288819218535;3922.124193969361
0.04100001000000015;18543.08781177003;0.9631233379046469;3885.787927013176
0.04110001000000015;18314.75380734659;0.9655072038876081;3849.765309860926
0.04120001000000015;18089.08615351336;0.9678804844008158;3814.053964733817
0.04130001000000016;17866.05622116245;0.970243184529424;3778.651525932823
0.04140001000000016;17645.63563800617;0.9725953099062851;3743.55563988623
0.04150001000000016;17427.79628737353;0.9749368667046178;3708.763965221423
0.04160001000000017;17212.51030698525;0.9772678616307201;3674.274172790687
0.04170001000000017;16999.75008770917;0.9795883019167257;3640.083945741672
0.04180001000000017;16789.48827229499;0.9818981953134102;3606.190979550453
0.04190001000000017;16581.69775409075;0.984197550083042;3572.592982074396
0.04200001000000018;16376.35167574086;0.9864863749922825;3539.28767358436
0.04210001000000018;16173.42342786696;0.9887646793051296;3506.272786800661
0.04220001000000018;15972.88664773227;0.9910324727759123;3473.546066940422
0.04230001000000019;15774.71521788974;0.9932897656423332;3441.105271732952
0.04240001000000019;15578.88326481556;0.9955365686185558;3408.9481714605
0.04250001000000019;15385.36515752779;0.997772892888346;3377.072548986783
0.04260001000000019;15194.13550619149;0.9999987500982578;3345.476199768028
0.0427000100000002;15005.16916071086;1.00221415235087;3314.156931894563
0.0428000100000002;14818.44120930862;1.00441911219807;3283.112566088215
0.0429000100000002;14633.92697709439;1.006613642634392;3252.340935741498
0.04300001000000021;14451.60202462092;1.008797757090397;3221.839886918696
0.04310001000000021;14271.44214643065;1.010971469426115;3191.607278375854
0.04320001000000021;14093.42336959197;1.013134793924521;3161.640981565712
0.04330001000000021;13917.52195222653;1.015287745285077;3131.938880655644
0.04340001000000022;13743.71438202727;1.017430338617312;3102.498872519836
0.04350001000000022;13571.97737476881;1.019562589434461;3073.318866762645
0.04360001000000022;13402.28787280981;1.021684513647149;3044.396785698395
0.04370001000000023;13234.62304358896;1.023796127557128;3015.730564380103
0.04380001000000023;13068.96027811345;1.025897447851067;2987.318150568962
0.04390001000000023;12905.27718944209;1.027988491594386;2959.157504754225
0.04400001000000024;12743.55161116275;1.030069276225149;2931.246600135774
0.04410001000000024;12583.7615958646;1.032139819548;2903.58342261951
0.04420001000000024;12425.88541360609;1.034200139728158;2876.165970818008
0.04430001000000024;12269.90155037847;1.036250255285461;2848.992256025486
0.04440001000000025;12115.78870656583;1.038290185088449;2822.060302212256
0.04450001000000025;11963.52579540232;1.040319948348517;2795.368146017624
0.04460001000000025;11813.09194142575;1.042339564614106;2768.913836731082
0.04470001000000026;11664.46647892951;1.044349053764951;2742.695436269027
0.04480001000000026;11517.62895041241;1.046348436006375;2716.71101916702
0.04490001000000026;11372.55910502692;1.048337731863637;2690.958672550688
0.04500001000000026;11229.23689702636;1.050316962176331;2665.436496128646
0.04510001000000027;11087.64248421078;1.052286148092837;2640.142602154501
0.04520001000000027;10947.75622637335;1.054245311064818;2615.075115414118
0.04530001000000027;10809.55868374599;1.056194472841772;2590.232173192137
0.04540001000000028;10673.03061544574;1.058133655465628;2565.61192525367
0.04550001000000028;10538.15297792132;1.060062881265405;2541.212533818335
0.04560001000000028;10404.90692340102;1.061982172851911;2517.03217352057
0.04570001000000028;10273.27379834161;1.063891553112491;2493.069031391346
0.04580001000000029;10143.23514187913;1.065791045205833;2469.321306813552
0.04590001000000029;10014.77268428151;1.067680672556819;2445.787211507919
0.04600001000000029;9887.868345403216;1.069560458851424;2422.464969486615
0.0461000100000003;9762.504233142468;1.071430428031676;2399.352817024811
0.0462000100000003;9638.662641901132;1.073290604290644;2376.449002615981
0.0463000100000003;9516.326051048012;1.075141012067498;2353.751786950892
0.0464000100000003;9395.477123384973;1.076981676042608;2331.259442874229
0.04650001000000031;9276.098703616502;1.07881262113269;2308.970255328803
0.04660001000000031;9158.173816823955;1.080633872486;2286.882521349941
0.04670001000000031;9041.685666942631;1.08244545547759;2264.994549999156
0.04680001000000032;8926.617635243747;1.084247395704594;2243.304662333122
0.04690001000000032;8812.95327882098;1.086039718981577;2221.811191357139
0.04700001000000032;8700.676329081252;1.087822451335922;2200.512481989646
0.04710001000000032;8589.770690240934;1.08959561900327;2179.406891011555
0.04720001000000033;8480.22043782662;1.09135924842301;2158.492787032321
0.04730001000000033;8372.009817181335;1.093113366233811;2137.76855042963
0.04740001000000033;8265.12324197648;1.094857999269205;2117.232573320007
0.04750001000000034;8159.545292729246;1.096593174553215;2096.88325950039
0.04760001000000034;8055.260715325766;1.09831891929603;2076.71902440907
0.04770001000000034;7952.254419550415;1.10003526088973;2056.738295072069
0.04780001000000034;7850.511477621023;1.101742226904053;2036.939510062976
0.04790001000000035;7750.017122730747;1.103439845082209;2017.321119443004
0.04800001000000035;7650.756747596206;1.105128143336744;1997.881584722654
0.04810001000000035;7552.715903012281;1.106807149745444;1978.619378806456
0.04820001000000036;7455.88029641339;1.108476892547286;1959.53298594287
0.04830001000000036;7360.235790442085;1.110137400138441;1940.620901673792
0.04840001000000036;7265.768401524361;1.11178870106831;1921.881632781086
0.04850001000000036;7172.464298452326;1.11343082403561;1903.313697240688
0.04860001000000037;7080.309800973686;1.115063797884514;1884.915624165784
0.04870001000000037;6989.291378388994;1.116687651600817;1866.685953752456
0.04880001000000037;6899.39564815613;1.118302414308159;1848.623237227648
0.04890001000000038;6810.609374502834;1.119908115264289;1830.726036801951
0.04900001000000038;6722.919467045863;1.121504783857368;1812.992925606686
0.04910001000000038;6636.312979419067;1.123092449602322;1795.422487641173
0.04920001000000038;6550.777107908684;1.12467114213723;1778.013317727212
0.04930001000000039;6466.299190096481;1.126240891219765;1760.764021443161
0.04940001000000039;6382.866703511194;1.127801726723665;1743.673215073036
0.04950001000000039;6300.467264288074;1.129353678635252;1726.739525545474
0.0496000100000004;6219.08862583638;1.130896777049996;1709.961590392236
0.0497000100000004;6138.718677515109;1.132431052169113;1693.338057676967
0.0498000100000004;6059.345443317274;1.133956534296212;1676.867585948453
0.0499000100000004;5980.957080562226;1.135473253833977;1660.548844174294
0.05000001000000041;5903.541878596577;1.136981241280891;1644.380511698552
0.05010001000000041;5827.088257503337;1.138480527227999;1628.361278165773
0.05020001000000041;5751.584766820108;1.139971142355716;1612.489843487794
0.05030001000000042;5677.020084264883;1.141453117430672;1596.764917763046
0.05040001000000042;5603.38301447146;1.142926483302591;1581.185221229037
0.05050001000000042;5530.662487733025;1.144391270901215;1565.749484209833
0.05060001000000042;5458.847558754165;1.14584751123327;1550.456447049605
0.05070001000000043;5387.92740541209;1.147295235379459;1535.304860055561
0.05080001000000043;5317.891327526221;1.148734474491503;1520.293483449832
0.05090001000000043;5248.728745636618;1.150165259789221;1505.421087298613
0.05100001000000044;5180.429199791338;1.151587622557642;1490.686451464016
0.05110001000000044;5112.982348342251;1.153001594144152;1476.08836552907
0.05120001000000044;5046.377966750238;1.154407205955681;1461.625628762868
0.05130001000000044;4980.605946398855;1.155804489455935;1447.297050049979
0.05140001000000045;4915.6562934167;1.157193476162654;1433.10144782904
0.05150001000000045;4851.519127508885;1.158574197644905;1419.037650031517
0.05160001000000045;4788.184680797778;1.159946685520421;1405.104494046265
0.05170001000000046;4725.643296671415;1.161310971452968;1391.300826628106
0.05180001000000046;4663.885428642338;1.162667087149743;1377.62550385834
0.05190001000000046;4602.9016392141;1.164015064358821;1364.077391092055
0.05200001000000046;4542.68259875733;1.165354934866626;1350.655362884503
0.05210001000000047;4483.219084394131;1.166686730495438;1337.35830293469
0.05220001000000047;4424.501978892187;1.168010483100928;1324.185104033119
0.05230001000000047;4366.522269566923;1.169326224569744;1311.134668009402
0.05240001000000048;4309.271047192701;1.170633986817118;1298.205905659504
0.05250001000000048;4252.739504923324;1.171933801784501;1285.397736685765
0.05260001000000048;4196.918937220914;1.173225701437246;1272.709089665105
0.05270001000000048;4141.800738793698;1.174509717762312;1260.138901952804
0.05280001000000049;4087.376403542936;1.175785882765999;1247.686119654991
0.05290001000000049;4033.637523518018;1.177054228471728;1235.349697560899
0.05300001000000049;3980.575787880833;1.178314786917842;1223.128599071787
0.0531000100000005;3928.182981879036;1.179567590155435;1211.021796169208
0.0532000100000005;3876.45098582717;1.180812670246227;1199.028269336336
0.0533000100000005;3825.371774097572;1.182050059260455;1187.147007503204
0.0534000100000005;3774.937414119411;1.183279789274799;1175.377007999585
0.05350001000000051;3725.140065386202;1.184501892370344;1163.717276488848
0.05360001000000051;3675.971978472474;1.185716400630566;1152.166826913566
0.05370001000000051;3627.425494058524;1.186923346139346;1140.724681430076
0.05380001000000052;3579.493041964412;1.188122760979016;1129.389870373104
0.05390001000000052;3532.167140191427;1.189314677228446;1118.161432179423
0.05400001000000052;3485.440393973124;1.190499126961132;1107.038413330699
0.05410001000000052;3439.305494834463;1.191676142243337;1096.019868307451
0.05420001000000053;3393.755219659191;1.192845755132253;1085.104859535619
0.05430001000000053;3348.782429765733;1.19400799767419;1074.292457315411
0.05440001000000053;3304.380069991625;1.195162901902789;1063.581739775793
0.05450001000000054;3260.541167786076;1.196310499837272;1052.971792818233
0.05460001000000054;3217.258832310913;1.197450823480709;1042.461710053715
0.05470001000000054;3174.526253549874;1.198583904818314;1032.050592761138
0.05480001000000054;3132.336701425976;1.199709775815778;1021.737549814342
0.05490001000000055;3090.683524927076;1.200828468417608;1011.521697644383
0.05500001000000055;3049.560151239642;1.201940014545521;1001.402160180941
0.05510001000000055;3008.960084890278;1.203044446096835;991.3780687805973
0.05520001000000056;2968.876906896132;1.204141794942898;981.448562193014
0.05530001000000056;2929.304273922417;1.205232092927544;971.6127865032009
0.05540001000000056;2890.235917448301;1.206315371865573;961.8698950675488
0.05550001000000056;2851.665642940719;1.207391663541255;952.2190484669966
0.05560001000000057;2813.587329035923;1.208460999706852;942.6594144569218
0.05570001000000057;2775.994926729047;1.209523412081181;933.1901679139166
0.05580001000000057;2738.88245857125;1.210578932348181;923.8104907602383
0.05590001000000058;2702.244017874916;1.211627592155514;914.519571950348
0.05600001000000058;2666.073767926071;1.212669423113192;905.3166073860982
0.05610001000000058;2630.365941204695;1.213704456792223;896.2007998809312
0.05620001000000058;2595.114838612927;1.214732724723281;887.1713590985561
0.05630001000000059;2560.314828710223;1.215754258395389;878.2275015016521
0.05640001000000059;2525.960346956571;1.216769089254648;869.3684503194111
0.05650001000000059;2492.045894962444;1.217777248702968;860.5934354622811
0.0566000100000006;2458.566039747119;1.218778768096821;851.9016934994905
0.0567000100000006;2425.515413003532;1.219773678746028;843.2924675871353
0.0568000100000006;2392.888710370942;1.220762011912558;834.7650074456495
0.0569000100000006;2360.680690714239;1.221743798809355;826.3185692765268
0.05700001000000061;2328.88617541136;1.22271907059918;817.952415734208
0.05710001000000061;2297.500047646901;1.223687858393474;809.6658158678315
0.05720001000000061;2266.517251713482;1.224650193251249;801.4580450753475
0.05730001000000062;2235.932792319917;1.225606106177986;793.32838504612
0.05740001000000062;2205.741733906335;1.226555628124562;785.2761237215219
0.05750001000000062;2175.939199966563;1.227498789986202;777.3005552439299
0.05760001000000062;2146.520372376912;1.22843562260144;769.4009799118177
0.05770001000000063;2117.480490731962;1.229366156751106;761.5767041123023
0.05780001000000063;2088.814851687575;1.230290423157323;753.8270402942071
0.05790001000000063;2060.518808310082;1.231208452482538;746.1513069237864
0.05800001000000064;2032.587769432225;1.232120275328562;738.5488284072467
0.05810001000000064;2005.017199016397;1.233025922235625;731.0189350810343
0.05820001000000064;1977.802615523317;1.233925423681457;723.5609631296236
0.05830001000000064;1950.939591288456;1.234818810080387;716.1742545758214
0.05840001000000065;1924.423751903972;1.235706111782453;708.858157194161
0.05850001000000065;1898.250775607659;1.236587359072532;701.6120244960476
0.05860001000000065;1872.416392678217;1.237462582169491;694.4352156765982
0.05870001000000066;1846.916384836422;1.238331811225361;687.3270955567715
0.05880001000000066;1821.746584652928;1.239195076324507;680.2870345526105
0.05890001000000066;1796.902874962533;1.240052407482836;673.314408618061
0.05900001000000066;1772.381188284;1.24090383464701;666.4085992145348
0.05910001000000067;1748.177506246436;1.241749387693688;659.5689932595727
0.05920001000000067;1724.287859021509;1.242589096428763;652.7949830658381
0.05930001000000067;1700.708324762018;1.243422990586633;646.0859663319417
0.05940001000000068;1677.435029046185;1.244251099829481;639.4413460665089
0.05950001000000068;1654.464144327562;1.245073453746571;632.8605305589831
0.05960001000000068;1631.79188939166;1.245890081853563;626.3429333501559
0.05970001000000068;1609.414528817353;1.246701013591839;619.887973152974
0.05980001000000069;1587.328372444817;1.24750627832784;613.4950738438899
0.05990001000000069;1565.529774849035;1.248305905352427;607.1636644043502
0.06000001000000069;1544.015134818576;1.249099923880258;600.8931788923022
0.0601000100000007;1522.780894840373;1.249888363049166;594.6830563749588
0.0602000100000007;1501.823540590026;1.250671251919561;588.53274091067
0.0603000100000007;1481.139600427558;1.251448619473844;582.4416815016762
0.0604000100000007;1460.725644898596;1.252220494615839;576.4093320521037
0.06050001000000071;1440.578286240919;1.252986906170235;570.4351513263032
0.06060001000000071;1420.694177896412;1.253747882882037;564.5186029028667
0.06070001000000071;1401.070014028774;1.25450345341604;558.6591551522459
0.06080001000000072;1381.702529045477;1.255253646356306;552.8562811726857
0.06090001000000072;1362.588497126257;1.255998490205664;547.109458772949
0.06100001000000072;1343.724731755462;1.256738013385212;541.4181704182629
0.06110001000000072;1325.108085260499;1.257472244233848;535.7819031995961
0.06120001000000073;1306.735448354995;1.258201211007794;530.2001487939674
0.06130001000000073;1288.603749686857;1.258924941880144;524.6724034073804
0.06140001000000073;1270.709955391653;1.25964346494042;519.1981677803228
0.06150001000000074;1253.051068650568;1.260356808194154;513.776947104483
0.06160001000000074;1235.624129253358;1.261064999562455;508.4082510022735
0.06170001000000074;1218.426213166316;1.261768066881603;503.0915934930241
0.06180001000000074;1201.454432105126;1.262466037902665;497.8264929635757
0.06190001000000075;1184.705933111829;1.263158940291103;492.6124721006524
0.06200001000000075;1168.17789813718;1.263846801626402;487.4490578921843
0.06210001000000075;1151.867543627317;1.264529649401713;482.3357815645934
0.06220001000000076;1135.772120115134;1.2652075110235;477.2721785588253
0.06230001000000076;1119.888911816182;1.265880413811201;472.2577884855368
0.06240001000000076;1104.215236229307;1.2665483849969;467.2921551054978
0.06250001000000076;1088.748443741244;1.267211451725002;462.3748262648708
0.06260001000000076;1073.485917236351;1.267869641051934;457.505353904668
0.06270001000000076;1058.425071710062;1.268522979945845;452.6832939764079
0.06280001000000077;1043.563353887187;1.269171495286314;447.9082064476889
0.06290001000000077;1028.898241844325;1.269815213864073;443.1796552391576
0.06300001000000077;1014.427244636427;1.270454162380748;438.4972082218189
0.06310001000000078;1000.147901927595;1.271088367448589;433.860437139252
0.06320001000000078;986.0577836263927;1.27171785559022;429.2689176131939
0.06330001000000078;972.1544895249865;1.272342653238411;424.7222291054899
0.06340001000000078;958.4356489421367;1.272962786735842;420.2199548537894
0.06350001000000079;944.8989203710139;1.273578282334878;415.7616818845784
0.06360001000000079;931.5419911301575;1.274189166197364;411.3470009342832
0.06370001000000079;918.3625770189819;1.274795464394407;406.9755064509978
0.0638000100000008;905.3584219770905;1.275397202906201;402.646796557964
0.0639000100000008;892.5272977471918;1.275994407621826;398.3604729990819
0.0640000100000008;879.8670035422394;1.276587104339078;394.1161411368065
0.0641000100000008;867.3753657160903;1.2771753187643;389.9134099055017
0.06420001000000081;855.0502374381225;1.27775907651222;385.7518917729021
0.06430001000000081;842.8894983717056;1.278338403105787;381.6312027236015
0.06440001000000081;830.8910543560243;1.278913323976037;377.5509622208778
0.06450001000000082;819.052837091684;1.279483864461958;373.5107931937696
0.06460001000000082;807.3728038298843;1.280050049810355;369.5103219676339
0.06470001000000082;795.8489370654598;1.280611905175732;365.549178283524
0.06480001000000082;784.4792442329117;1.281169455620171;361.6269952190843
0.06490001000000083;773.261757406933;1.281722726113228;357.7434092008759
0.06500001000000083;762.1945330048916;1.282271741531836;353.8980599539337
0.06510001000000083;751.2756514942555;1.282816526660213;350.0905904794842
0.06520001000000084;740.5032171023505;1.283357106189773;346.3206470124974
0.06530001000000084;729.8753575301172;1.283893504719041;342.5878790133511
0.06540001000000084;719.3902236688751;1.284425746753601;338.8919391390383
0.06550001000000084;709.0459893201813;1.284953856706015;335.2324831883786
0.06560001000000085;698.8408509195582;1.285477858895764;331.6091701007243
0.06570001000000085;688.7730272629291;1.285997777549205;328.021661927891
0.06580001000000085;678.8407592364417;1.286513636799519;324.4696237806536
0.06590001000000086;669.0423095492519;1.287025460686676;320.9527238467037
0.06600001000000086;659.3759624695198;1.287533273157402;317.4706333056521
0.06610001000000086;649.8400235637845;1.288037098065145;314.0230263598216
0.06620001000000086;640.4328194388048;1.288536959170067;310.6095801692498
0.06630001000000087;631.1526974869945;1.289032880139017;307.2299748380913
0.06640001000000087;621.9980256341837;1.289524884545528;303.8838933884064
0.06650001000000087;612.9671920911694;1.290012995869808;300.5710217341721
0.06660001000000088;604.0586051074426;1.290497237498754;297.2910486676295
0.06670001000000088;595.2706927279036;1.290977632725954;294.0436657972261
0.06680001000000088;586.6019025532406;1.291454204751693;290.8285675709159
0.06690001000000088;578.0507015016982;1.291926976682985;287.6454512146258
0.06700001000000089;569.6155755749783;1.292395971533587;284.494016719562
0.06710001000000089;561.2950296261918;1.292861212224026;281.3739668175292
0.06720001000000089;553.0875871308031;1.293322721581648;278.2850069738432
0.0673000100000009;544.9917899597651;1.293780522340648;275.2268453221712
0.0674000100000009;537.0061981562661;1.294234637142111;272.1991926755894
0.0675000100000009;529.1293897143465;1.294685088534058;269.2017624909821
0.0676000100000009;521.3599603603037;1.295131898971516;266.2342708510274
0.06770001000000091;513.6965233368441;1.29557509081656;263.2964364238044
0.06780001000000091;506.1377091896265;1.296014686338389;260.3879804732316
0.06790001000000091;498.6821655561717;1.296450707713388;257.5086267856941
0.06800001000000092;491.3285569580687;1.296883177025193;254.6581017028467
0.06810001000000092;484.0755645943755;1.297312116264783;251.8361340545921
0.06820001000000092;476.9218861386511;1.297737547330547;249.042455164151
0.06830001000000092;469.8662355376143;1.298159492028378;246.2767988093897
0.06840001000000093;462.9073428125818;1.298577972071753;243.5389012115683
0.06850001000000093;456.0439538631846;1.298993009081832;240.8285010027535
0.06860001000000093;449.2748302733454;1.299404624587557;238.145339225229
0.06870001000000094;442.5987491194885;1.299812840025753;235.4891592783213
0.06880001000000094;436.0145027814023;1.300217676741228;232.8597069234065
0.06890001000000094;429.5208987547693;1.300619155986881;230.256730247086
0.06900001000000094;423.1167594667223;1.301017298923823;227.6799796607162
0.06910001000000095;416.8009220925989;1.301412126621484;225.1292078388446
0.06920001000000095;410.5722383759472;1.301803660057733;222.6041697544995
0.06930001000000095;404.4295744496916;1.302191920119011;220.1046226130707
0.06940001000000096;398.3718106602051;1.302576927600457;217.6303258572441
0.06950001000000096;392.3978413929967;1.302958703206021;215.1810411173062
0.06960001000000096;386.5065749008934;1.303337267548609;212.7565322404515
0.06970001000000096;380.6969331337343;1.303712641150222;210.3565652219122
0.06980001000000097;374.9678515707724;1.30408484444209;207.9809082147925
0.06990001000000097;369.3182790542913;1.304453897764814;205.6293314961465
0.07000001000000097;363.7471776260634;1.304819821368518;203.3016074620689
0.07010001000000098;358.2535223651177;1.305182635412991;200.9975105896659
0.07020001000000098;352.83630122784;1.305542359967853;198.7168174463256
0.07030001000000098;347.4945148896089;1.305899015012688;196.4593066198027
0.07040001000000098;342.2271765889016;1.306252620437212;194.2247587692898
0.07050001000000099;337.0333119725793;1.306603196041434;192.0129565423291
0.07060001000000099;331.911958943776;1.306950761535821;189.8236846115163
0.07070001000000099;326.8621675107595;1.307295336541463;187.6567296019653
0.070800010000001;321.8829996385768;1.307636940590232;185.5118801186543
0.070900010000001;316.9735291017599;1.307975593124958;183.3889267016896
0.071000010000001;312.1328413389308;1.308311313499611;181.2876618351852
0.071100010000001;307.3600333093862;1.308644120979469;179.2078798859718
0.07120001000000101;302.6542133512975;1.308974034741286;177.1493771301904
0.07130001000000101;298.014501041724;1.309301073873482;175.1119517099846
0.07140001000000101;293.4400270579814;1.309625257376331;173.0954036421824
0.07150001000000102;288.9299330410142;1.309946604162147;171.0995347673138
0.07160001000000102;284.4833714602007;1.310265133055454;169.1241487502092
0.07170001000000102;280.0995054801123;1.310580862793187;167.169051071715
0.07180001000000102;275.7775088285543;1.310893812024878;165.2340489956178
0.07190001000000103;271.5165656663107;1.311203999312853;163.3189515689606
0.07200001000000103;267.3158704583572;1.311511443132438;161.4235695975681
0.07210001000000103;263.1746278469451;1.311816161872134;159.5477156140979
0.07220001000000104;259.0920525260099;1.312118173833816;157.6912038866427
0.07230001000000104;255.0673691170962;1.312417497232965;155.8538504184753
0.07240001000000104;251.0998120464825;1.312714150198844;154.0354728612967
0.07250001000000104;247.1886254247044;1.313008150774694;152.2358905791513
0.07260001000000105;243.333062926525;1.313299516917961;150.454924593491
0.07270001000000105;239.5323876728649;1.313588266500501;148.6923975759659
0.07280001000000105;235.7858721141579;1.313874417308787;146.9481338334175
0.07290001000000106;232.0927979149281;1.314157987044119;145.221959285494
0.07300001000000106;228.4524558399603;1.314438993322827;143.5137014576506
0.07310001000000106;224.8641456420312;1.314717453676492;141.8231894665301
0.07320001000000106;221.3271759503511;1.314993385552167;140.1502540128046
0.07330001000000107;217.8408641609191;1.315266806312592;138.4947273446999
0.07340001000000107;214.4045363282061;1.315537733236408;136.8564432659887
0.07350001000000107;211.0175270576992;1.315806183518385;135.2352371144304
0.07360001000000108;207.6791794003809;1.316072174269626;133.6309457264756
0.07370001000000108;204.3888447481319;1.316335722517799;132.0434074735744
0.07380001000000108;201.1458827300558;1.316596845207364;130.4724621913796
0.07390001000000108;197.9496611111952;1.316855559199803;128.9179512227232
0.07400001000000109;194.7995556908402;1.317111881273834;127.3797173342035
0.07410001000000109;191.6949502037879;1.317365828125627;125.8576047727039
0.07420001000000109;188.6352362216896;1.317617416369062;124.3514592171701
0.0743000100000011;185.6198130556956;1.317866662535935;122.861127759018
0.0744000100000011;182.6480876609428;1.318113583076197;121.3864589162844
0.0745000100000011;179.7194745412235;1.318358194358199;119.9273026003386
0.0746000100000011;176.8333956557896;1.318600512668894;118.4835100902335
0.07470001000000111;173.9892803268859;1.318840554214076;117.054934053313
0.07480001000000111;171.186565148327;1.319078335118638;115.6414285256435
0.07490001000000111;168.4246938948083;1.319313871426788;114.2428488672902
0.07500001000000112;165.7031174334842;1.319547179102295;112.8590518017582
0.07510001000000112;163.0212936353873;1.319778274028709;111.4898953334604
0.07520001000000112;160.3786872889248;1.320007172009606;110.1352388247698
0.07530001000000112;157.7747700133704;1.320233888768838;108.7949429016812
0.07540001000000113;155.2090201746836;1.320458439950751;107.4688694925334
0.07550001000000113;152.6809228011718;1.320680841120439;106.1568817973903
0.07560001000000113;150.1899695009162;1.320901107763998;104.8588442946864
0.07570001000000114;147.735658379774;1.321119255288732;103.574622669178
0.07580001000000114;145.3174939612335;1.321335299023404;102.3040838974848
0.07590001000000114;142.9349871058328;1.3215492542185;101.0470961521703
0.07600001000000114;140.5876549329008;1.321761136046448;99.80352883865226
0.07610001000000115;138.275020742283;1.32197095960188;98.5732525660935
0.07620001000000115;135.9966139378431;1.322178739901864;97.35613913076598
0.07630001000000115;133.7519699512924;1.322384491886141;96.15206151690055
0.07640001000000116;131.5406301673487;1.322588230417381;94.96089388574978
0.07650001000000116;129.3621418493522;1.322789970281427;93.78251155913945
0.07660001000000116;127.2160580664427;1.322989726187547;92.61679101451965
0.07670001000000116;125.1019376209165;1.32318751276866;91.46360985225328
0.07680001000000117;123.0193449771157;1.323383344581594;90.32284682973676
0.07690001000000117;120.9678501905511;1.323577236107329;89.194381795775
0.07700001000000117;118.9470288388945;1.323769201751252;88.07809574611781
0.07710001000000118;116.9564619522054;1.323959255843403;86.97387073714826
0.07720001000000118;114.9957359459795;1.324147412638708;85.88158994095522
0.07730001000000118;113.0644425533081;1.324333686317237;84.80113759237639
0.07740001000000118;111.1621787588415;1.324518090984461;83.73239902146963
0.07750001000000119;109.2885467333139;1.324700640671488;82.67526058082966
0.07760001000000119;107.4431537688772;1.324881349335298;81.62960969884791
0.07770001000000119;105.6256122153339;1.325060230859025;80.59533484880227
0.0778000100000012;103.8355394164754;1.325237299052184;79.57232550903277
0.0779000100000012;102.0725576485599;1.325412567650928;78.56047221444202
0.0780000100000012;100.3362940579678;1.325586050318287;77.55966646665549
0.0781000100000012;98.62638060129201;1.325757760644406;76.56980080509982
0.07820001000000121;96.94245398450698;1.325927712146827;75.59076875753848
0.07830001000000121;95.28415560387631;1.326095918270729;74.62246483123621
0.07840001000000121;93.65113148757656;1.326262392389154;73.66478449464996
0.07850001000000122;92.04303223782247;1.326427147803271;72.71762420701663
0.07860001000000122;90.45951297328777;1.326590197742635;71.78088137097475
0.07870001000000122;88.90023327316939;1.326751555365429;70.85445434304791
0.07880001000000122;87.36485712121207;1.326911233758701;69.93824240633562
0.07890001000000123;85.85305285082919;1.327069245938619;69.03214578995795
0.07900001000000123;84.36449309029737;1.327225604850732;68.13606564181723
0.07910001000000123;82.8988547095183;1.327380323370209;67.24990402036198
0.07920001000000124;81.45581876674224;1.327533414302094;66.37356389532707
0.07930001000000124;80.03507045604957;1.327684890381554;65.50694913042048
0.07940001000000124;78.63629905585948;1.327834764274114;64.64996446654924
0.07950001000000124;77.259197877783;1.327983048575917;63.8025155489489
0.07960001000000125;75.90346421600994;1.328129755813967;62.96450886655794
0.07970001000000125;74.56879929760218;1.328274898446392;62.13585181352902
0.07980001000000125;73.25490823293438;1.328418488862684;61.31645259511427
0.07990001000000126;71.96149996747781;1.328560539383933;60.50622029722599
0.08000001000000126;70.6882872335356;1.328701062263091;59.70506482753439
0.08010001000000126;69.43498650276092;1.328840069685211;58.91289694156652
0.08020001000000127;68.20131793951401;1.3289775737677;58.12962821003306
0.08030001000000127;66.98700535427784;1.329113586560556;57.35517101986002
0.08040001000000127;65.79177615832975;1.329248120046627;56.58943858285235
0.08050001000000127;64.61536131820628;1.329381186141861;55.83234490387952
0.08060001000000128;63.45749531140372;1.329512796695544;55.08380478187958
0.08070001000000128;62.31791608220527;1.329642963490531;54.34373379490436
0.08080001000000128;61.19636499829907;1.329771698243497;53.61204831654439
0.08090001000000129;60.09258680776404;1.329899012605221;52.88866550818925
0.08100001000000129;59.00632959650955;1.330024918160797;52.17350325826654
0.08110001000000129;57.93734474671574;1.330149426429869;51.46648024470554
0.08120001000000129;56.88538689515031;1.330272548866892;50.76751588201516
0.0813000100000013;55.8502138923197;1.330394296861365;50.0765303373137
0.0814000100000013;54.83158676249347;1.330514681738111;49.39344453787785
0.0815000100000013;53.82926966309334;1.330633714757473;48.71818008375299
0.08160001000000131;52.84302984623209;1.330751407115558;48.05065935868074
0.08170001000000131;51.87263761922781;1.330867769944529;47.3908054497356
0.08180001000000131;50.91786630606762;1.330982814312818;46.7385421414866
0.08190001000000131;49.97849221005774;1.331096551225343;46.09379392416835
0.08200001000000132;49.05429457620868;1.331208991623756;45.45648598728133
0.08210001000000132;48.14505555395261;1.331320146386717;44.82654424066722
0.08220001000000132;47.25056016060218;1.331430026330134;44.20389525261617
0.08230001000000133;46.37059624553541;1.331538642207373;43.58846627182584
0.08240001000000133;45.50495445454038;1.331646004709514;42.9801852345504
0.08250001000000133;44.65342819433524;1.331752124465576;42.37898071823183
0.08260001000000133;43.81581359832262;1.331857012042759;41.78478198899973
0.08270001000000134;42.99190949170878;1.331960677946684;41.19751894257465
0.08280001000000134;42.18151735797213;1.332063132621648;40.61712216371206
0.08290001000000134;41.38444130509308;1.332164386450851;40.04352282944711
0.08300001000000135;40.60048803284334;1.332264449756619;39.47665279381908
0.08310001000000135;39.82946679971639;1.332363332800657;38.91644451786642
0.08320001000000135;39.07118939101767;1.332461045784261;38.36283108977031
0.08330001000000135;38.32547008685093;1.332557598848586;37.81574624360934
0.08340001000000136;37.59212563050315;1.332653002074869;37.27512429190329
0.08350001000000136;36.87097519781737;1.332747265484642;36.7409001697721
0.08360001000000136;36.16184036622427;1.332840399039962;36.21300940499295
0.08370001000000137;35.46454508439909;1.332932412643687;35.69138816015056
0.08380001000000137;34.77891564217605;1.333023316139711;35.17597315546834
0.08390001000000137;34.10478064140556;1.333113119313142;34.6667016881857
0.08400001000000137;33.44197096648871;1.333201831890539;34.16351165060149
0.08410001000000138;32.79031975582804;1.333289463540194;33.66634153549024
0.08420001000000138;32.14966237286407;1.333376023872324;33.1751303511878
0.08430001000000138;31.51983637845545;1.333461522439293;32.68981771905246
0.08440001000000139;30.90068150272617;1.333545968735866;32.21034378907598
0.08450001000000139;30.29203961801105;1.333629372199425;31.73664929079773
0.08460001000000139;29.69375471149723;1.333711742210224;31.26867549475463
0.08470001000000139;29.10567285832042;1.333793088091562;30.80636418659291
0.0848000100000014;28.52764219570077;1.333873419110024;30.34965772703678
0.0849000100000014;27.95951289647691;1.333952744475739;29.89849900344262
0.0850000100000014;27.40113714318324;1.33403107334259;29.45283142537416
0.08510001000000141;26.85236910312716;1.334108414808445;29.01259894072256
0.08520001000000141;26.3130649026065;1.334184777915365;28.57774598970322
0.08530001000000141;25.78308260269957;1.334260171649809;28.14821754176815
0.08540001000000141;25.26228217448611;1.334334604942897;27.7239590902951
0.08550001000000142;24.75052547476903;1.334408086670624;27.30491661778101
0.08560001000000142;24.24767622228293;1.334480625654083;26.89103662138433
0.08570001000000142;23.75359997382995;1.33455223065967;26.4822660691481
0.08580001000000143;23.26816410160741;1.334622910399288;26.07855243505483
0.08590001000000143;22.79123776956087;1.334692673530605;25.67984369392732
0.08600001000000143;22.3226919107458;1.334761528657259;25.28608827895007
0.08610001000000143;21.86239920513731;1.334829484329065;24.89723511564319
0.08620001000000144;21.41023405736047;1.334896549042242;24.51323359855596
0.08630001000000144;20.96607257453592;1.334962731239643;24.13403360543323
0.08640001000000144;20.52979254481691;1.335028039310962;23.75958545641907
0.08650001000000145;20.10127341626722;1.335092481592911;23.38983992885378
0.08660001000000145;19.68039627550714;1.335156066369501;23.02474830612944
0.08670001000000145;19.26704382678616;1.335218801872216;22.66426224928314
0.08680001000000145;18.86110037164241;1.335280696280224;22.30833393457893
0.08690001000000146;18.46245178847828;1.335341757720621;21.95691594385957
0.08700001000000146;18.07098551240435;1.335401994268617;21.60996131317033
0.08710001000000146;17.68659051562863;1.335461413947736;21.26742349477871
0.08720001000000147;17.30915728793291;1.335520024730066;20.92925642035538
0.08730001000000147;16.93857781694269;1.335577834536439;20.59541438039985
0.08740001000000147;16.57474556953492;1.335634851236613;20.26585213714681
0.08750001000000147;16.21755547258575;1.335691082649562;19.94052488637607
0.08760001000000148;15.8669038945386;1.335746536543635;19.61938818976929
0.08770001000000148;15.52268862705878;1.33580122063676;19.30239806771898
0.08780001000000148;15.18480886676437;1.335855142596643;18.98951090046765
0.08790001000000149;14.8531651976016;1.335908310040969;18.68068351890403
0.08800001000000149;14.52765957274665;1.335960730537677;18.37587315318181
0.08810001000000149;14.20819529714812;1.336012411605107;18.07503739936301
0.08820001000000149;13.89467701054466;1.336063360712166;17.77813424724443
0.0883000100000015;13.58701067028997;1.336113585278593;17.48512212084751
0.0884000100000015;13.28510353451563;1.336163092675155;17.19595978577657
0.0885000100000015;12.98886414538617;1.336211890223853;16.91060643417008
0.08860001000000151;12.69820231267816;1.33625998519808;16.62902156576241
0.08870001000000151;12.41302909793632;1.336307384822857;16.35116515648313
0.08880001000000151;12.13325679771118;1.336354096275025;16.07699744210684
0.08890001000000151;11.85879892871294;1.336400126683431;15.80647914017086
0.08900001000000152;11.58957021144502;1.33644548312918;15.5395712511529
0.08910001000000152;11.32548655490142;1.336490172645728;15.27623515352558
0.08920001000000152;11.06646504177278;1.336534202219165;15.01643262623373
0.08930001000000153;10.81242391280403;1.336577578788413;14.76012576484346
0.08940001000000153;10.56328255226395;1.336620309245366;14.50727701943943
0.08950001000000153;10.31896147335359;1.33666240043515;14.25784922981776
0.08960001000000153;10.07938230335663;1.336703859156242;14.01180549393547
0.08970001000000154;9.844467769954353;1.336744692160712;13.76910936963379
0.08980001000000154;9.614141686298925;1.336784906154436;13.5297246553531
0.08990001000000154;9.388328937669938;1.336824507797222;13.29361553918349
0.09000001000000155;9.166955467434498;1.336863503703049;13.0607465206905
0.09010001000000155;8.949948263600049;1.336901900440206;12.83108242126193
0.09020001000000155;8.73723534542245;1.336939704531584;12.60458846418179
0.09030001000000155;8.528745749486685;1.336976922454802;12.38123008149501
0.09040001000000156;8.32440951754424;1.337013560642335;12.16097310182374
0.09050001000000156;8.124157683199359;1.337049625481782;11.94378365249652
0.09060001000000156;7.927922258881542;1.337085123316064;11.72962820288357
0.09070001000000157;7.735636223168573;1.337120060443555;11.51847347154923
0.09080001000000157;7.54723350917973;1.337154443118278;11.3102865587602
0.09090001000000157;7.362648991266411;1.337188277550138;11.10503483151465
0.09100001000000157;7.181818473161883;1.337221569905053;10.90268596610262
0.09110001000000158;7.004678676252561;1.337254326305119;10.70320792419617
0.09120001000000158;6.831167227807553;1.337286552828842;10.50656901386575
0.09130001000000158;6.661222648499201;1.337318255511367;10.31273782247563
0.09140001000000159;6.494784341615998;1.337349440344546;10.12168317457975
0.09150001000000159;6.331792581387908;1.33738011327714;9.933374253419483
0.09160001000000159;6.172188501774695;1.337410280215077;9.747780515103557
0.09170001000000159;6.015914085237204;1.337439947021588;9.564871687163645
0.0918000100000016;5.862912151650022;1.337469119517344;9.384617767099265
0.0919000100000016;5.713126347814359;1.337497803480687;9.206989078155146
0.0920000100000016;5.5665011363117;1.337526004647791;9.031956170013977
0.09210001000000161;5.422981785422766;1.337553728712811;8.859489894168565
0.09220001000000161;5.282514357953702;1.337580981328102;8.689561381700946
0.09230001000000161;5.145045701833095;1.337607768104391;8.522142022531744
0.09240001000000161;5.010523438916233;1.337634094610949;8.357203481872787
0.09250001000000162;4.878895955666133;1.337659966375699;8.194717644653979
0.09260001000000162;4.750112393215783;1.337685388885448;8.034656738365241
0.09270001000000162;4.624122636853704;1.337710367586084;7.876993188290294
0.09280001000000163;4.500877307034828;1.337734907882718;7.721699721325566
0.09290001000000163;4.380327749387225;1.337759015139833;7.568749260681539
0.09300001000000163;4.262426025915021;1.33778269468145;7.418115043458413
0.09310001000000163;4.147124904716046;1.337805951791362;7.269770533245653
0.09320001000000164;4.034377851401855;1.337828791713221;7.123689419804569
0.09330001000000164;3.924139019835704;1.337851219650746;6.979845682166454
0.09340001000000164;3.816363243104289;1.337873240767941;6.838213536989455
0.09350001000000165;3.711006024484471;1.337894860189175;6.69876739083475
0.09360001000000165;3.608023529477393;1.337916082999376;6.561481963693342
0.09370001000000165;3.507372575776548;1.337936914244239;6.426332162144465
0.09380001000000165;3.409010626089672;1.3379573589303;6.293293125480757
0.09390001000000166;3.312895778923249;1.337977422025167;6.16234026803196
0.09400001000000166;3.21898676029548;1.337997108457716;6.033449217042334
0.09410001000000166;3.127242915768134;1.338016423118158;5.906595783866361
0.09420001000000167;3.03762420234272;1.338035370858262;5.781756091440458
0.09430001000000167;2.950091179906065;1.338053956491488;5.658906387496457
0.09440001000000167;2.864605004181551;1.338072184793198;5.538023267561725
0.09450001000000167;2.78112741804267;1.338090060500805;5.4190834234222
0.09460001000000168;2.699620744219599;1.338107588313854;5.302063835319493
0.09470001000000168;2.620047877642135;1.338124772894264;5.186941687504568
0.09480001000000168;2.542372277881737;1.33814161886641;5.073694342057281
0.09490001000000169;2.466557961684673;1.338158130817373;4.962299466558965
0.09500001000000169;2.392569495763222;1.3381743132971;4.852734851710728
0.09510001000000169;2.320371989127889;1.338190170818407;4.744978489939373
0.09520001000000169;2.249931086613607;1.33820570785727;4.639008671379096
0.0953000100000017;2.181212960991902;1.338220928852995;4.534803809334074
0.0954000100000017;2.114184306826663;1.338235838208305;4.432342562277105
0.0955000100000017;2.048812332602336;1.338250440289516;4.331603760323302
0.09560001000000171;1.985064755047872;1.338264739426665;4.23256645177001
0.09570001000000171;1.922909791441131;1.338278739913693;4.135209878225189
0.09580001000000171;1.862316153540605;1.338292446008575;4.039513473866881
0.09590001000000171;1.8032530407397;1.338305861933504;3.945456886361151
0.09600001000000172;1.745690133628909;1.338318991875031;3.853019931668559
0.09610001000000172;1.689597587939709;1.338331839984169;3.762182615945234
0.09620001000000172;1.634946027613651;1.338344410376654;3.672925196718593
0.09630001000000173;1.581706538879225;1.338356707132946;3.58522797358678
0.09640001000000173;1.529850664687758;1.338368734298418;3.499071599144159
0.09650001000000173;1.479350397396192;1.338380495883613;3.414436808922323
0.09660001000000173;1.430178173773974;1.338391995864331;3.331304583569024
0.09670001000000174;1.382306868438467;1.338403238181683;3.249655971560395
0.09680001000000174;1.335709788926493;1.338414226742291;3.169472341324404
0.09690001000000174;1.290360668574388;1.338424965418513;3.090735148020346
0.09700001000000175;1.246233662094748;1.338435458048543;3.013426085247685
0.09710001000000175;1.203303338762221;1.338445708436487;2.937526918981366
0.09720001000000175;1.161544678178539;1.338455720352562;2.863019723225402
0.09730001000000175;1.12093306334285;1.338465497533274;2.789886627266926
0.09740001000000176;1.081444276365206;1.338475043681411;2.718109960285554
0.09750001000000176;1.043054492918568;1.338484362466404;2.647672315043953
0.09760001000000176;1.005740275816469;1.338493457524389;2.578556310656051
0.09770001000000177;0.969478571293154;1.338502332458217;2.510744796864192
0.09780001000000177;0.9342467031460795;1.338510990837765;2.444220816766246
0.09790001000000177;0.900022367653377;1.338519436199953;2.378967480171102
0.09800001000000177;0.8667836287681095;1.338527672048945;2.314968184733948
0.09810001000000178;0.8345089128821931;1.338535701856292;2.25220636590481
0.09820001000000178;0.8031770038993022;1.338543529061032;2.190665712865576
0.09830001000000178;0.772767038726199;1.33855115706989;2.130330016257347
0.09840001000000179;0.7432585021962725;1.338558589257342;2.071183229714317
0.09850001000000179;0.7146312224397972;1.338565828965773;2.013209469427779
0.09860001000000179;0.6868653664709606;1.338572879505698;1.956393040821423
0.09870001000000179;0.6599414346642589;1.338579744155789;1.900718302145139
0.0988000100000018;0.6338402575620343;1.338586426163051;1.846169883288189
0.0989000100000018;0.6085429900501044;1.338592928742964;1.792732444107837
0.0990000100000018;0.5840311081749946;1.338599255079487;1.740390837084556
0.09910001000000181;0.5602864039613085;1.33860540832544;1.689130153111859
0.09920001000000181;0.5372909808318187;1.338611391602521;1.638935471688852
0.09930001000000181;0.5150272505849992;1.33861720800134;1.589792113606426
0.09940001000000181;0.4934779278341969;1.338622860581719;1.541685539707438
0.09950001000000182;0.4726260260289922;1.338628352372747;1.494601306634684
0.09960001000000182;0.4524548545511039;1.338633686372834;1.44852511702162
0.09970001000000182;0.4329480133058534;1.338638865549957;1.403442863827321
0.09980001000000183;0.4140893892147741;1.338643892841812;1.359340541157509
0.09990001000000183;0.3958631521122445;1.338648771155831;1.316204249437854
0.1000000100000018;0.3782537515017409;1.338653503369364;1.274020281952347
0.1001000100000018;0.3612459113355572;1.338658092329868;1.232775040716281
0.1002000100000018;0.3448246276134324;1.338662540855027;1.192455080076644
0.1003000100000018;0.3289751634950145;1.338666851732752;1.15304699205546
0.1004000100000018;0.3136830468282108;1.338671027721326;1.114537605699194
0.1005000100000018;0.2989340655341042;1.338675071549782;1.076913905021326
0.1006000100000018;0.2847142635889587;1.338678985917801;1.040162850170113
0.1007000100000019;0.2710099384797586;1.338682773495893;1.004271710931737
0.1008000100000019;0.2578076373342861;1.338686436925609;0.9692277429791353
0.1009000100000019;0.2450941526857468;1.33868997881949;0.935018373100332
0.1010000100000019;0.2328565202296066;1.338693401761311;0.901631165189092
0.1011000100000019;0.2210820147330339;1.33869670830632;0.8690538541048615
0.1012000100000019;0.209758146204226;1.338699900981257;0.8372741894738212
0.1013000100000019;0.198872657517881;1.338702982284398;0.8062801032788449
0.1014000100000019;0.1884135208911482;1.338705954685852;0.7760596779066729
0.1015000100000019;0.1783689334153367;1.338708820627543;0.7466010042219671
0.1016000100000019;0.1687273162201204;1.338711582523428;0.717892451408194
0.1017000100000019;0.1594773091314914;1.338714242759693;0.6899223812229721
0.1018000100000019;0.1506077680437063;1.338716803694755;0.6626793281339592
0.1019000100000019;0.1421077628145042;1.338719267659407;0.6361518958924374
0.1020000100000019;0.1339665730207925;1.338721636957085;0.610328920588056
0.1021000100000019;0.1261736853660411;1.338723913863874;0.5851991705984285
0.1022000100000019;0.1187187907037284;1.338726100628734;0.5607517570060956
0.1023000100000019;0.1115917812009352;1.338728199473669;0.5369756976175617
0.1024000100000019;0.1047827466099382;1.33873021259358;0.5138601771560555
0.1025000100000019;0.09828197303699311;1.338732142156691;0.4913945932693985
0.1026000100000019;0.09207993836465826;1.338733990304666;0.4695683424653706
0.1027000100000019;0.08616731021849487;1.338735759152682;0.4483710102364303
0.1028000100000019;0.08053494314627049;1.338737450789567;0.4277922139446556
0.1029000100000019;0.0751738752034435;1.338739067278058;0.40782181870193
0.1030000100000019;0.07007532610812117;1.338740610654962;0.3884496712709232
0.1031000100000019;0.06523069354201202;1.338742082931013;0.369665706214364
0.1032000100000019;0.0606315520657747;1.338743486091107;0.3514600357105424
0.1033000100000019;0.05626964857055627;1.338744822094872;0.333823023769152
0.1034000100000019;0.05213690027550977;1.338746092876606;0.3167448936691209
0.1035000100000019;0.04822539247601467;1.338747300345072;0.3002160393085336
0.1036000100000019;0.04452737591068406;1.338748446384163;0.2842271591988971
0.1037000100000019;0.04103526271992624;1.33874953285313;0.2687688995709578
0.1038000100000019;0.03774162561245151;1.338750561586339;0.2538319646368342
0.1039000100000019;0.03463919568560047;1.338751534393526;0.2394072639364433
0.1040000100000019;0.0317208571711523;1.33875245306039;0.2254859283706448
0.1041000100000019;0.02897964725199846;1.338753319348459;0.2120589287612367
0.104200010000002;0.02640875329049547;1.338754134995421;0.1991176897004386
0.104300010000002;0.02400150859480766;1.338754901715469;0.1866534762182098
0.104400010000002;0.02175139166012915;1.338755621199139;0.1746577575942248
0.104500010000002;0.01965202279260237;1.338756295113966;0.1631222453120222
0.104600010000002;0.0176971606965833;1.338756925104802;0.1520386889899489
0.104700010000002;0.01588070228806904;1.338757512793909;0.1413989611047475
0.104800010000002;0.01419667707515303;1.338758059781374;0.1311951339321347
0.104900010000002;0.01263924629836748;1.338758567645279;0.1214192759817417
0.105000010000002;0.01120269981513579;1.338759037942112;0.1120637773638305
0.105100010000002;0.009881453605764656;1.338759472207619;0.1031212334511451
0.105200010000002;0.008670044723484573;1.338759871957048;0.09458426473649725
0.105300010000002;0.007563131591840817;1.33876023868519;0.08644558695465741
0.105400010000002;0.006555488366071717;1.338760573867363;0.07869840801344546
0.105500010000002;0.005642002891702001;1.338760878960261;0.07133596090462525
0.105600010000002;0.004817672389167993;1.338761155402251;0.06435169180614686
0.105700010000002;0.004077600306177375;1.338761404614616;0.05773953616793182
0.105800010000002;0.003416990580972542;1.338761628002452;0.05149346587405347
0.105900010000002;0.00283114597743591;1.338761826955755;0.0456080283244276
0.106000010000002;0.002315459771315979;1.338762002850786;0.04007794268260748
0.106100010000002;0.001865415029299981;1.338762157051983;0.03489875410972509
0.106200010000002;0.001476570472765495;1.338762290913704;0.03006609902279029
0.106300010000002;0.001144560039280252;1.338762405783758;0.02557728574930557
0.106400010000002;0.0008650787213202053;1.338762503006233;0.02142936818686627
0.106500010000002;0.0006338723864863123;1.338762583925798;0.01762176186934878
0.106600010000002;0.0004467238301920054;1.338762649894873;0.01415499553802645
0.106700010000002;0.0002994340051655312;1.338762702281966;0.01103248235206052
0.106800010000002;0.0001877942619541985;1.338762742487512;0.008262315043381842
0.106900010000002;0.0001075553344912501;1.338762771968971;0.005859831024968867
0.107000010000002;5.440147100525342e-05;1.338762792293223;0.00385797603836893
0.107100010000002;2.406827393235959e-05;1.338762805293095;0.002346372361400909
0.107200010000002;1.018642846332385e-05;1.338762813141226;0.001392296494540986
0.107300010000002;1.964675986791046e-06;1.338762817150721;0.0005145384590931519
