1e-08;500000;1.547323485965022e-20;46419.70457895066
0.00010001;499999.9996404745;8.490972530329937e-08;46419.70455377074
0.00020001;499965.5179499162;5.094067206605792e-07;46417.2896612075
0.00030001;499905.3186823648;1.612970485020029e-06;46413.07356499841
0.00040001;499818.1827178458;3.734926191906606e-06;46406.97071948745
0.0005000100000000001;499704.1598407333;7.214361556335607e-06;46398.98437076918
0.0006000100000000001;499563.3979444519;1.239004503647073e-05;46389.12456365584
0.0007000100000000002;499396.0317701919;1.960034466794426e-05;46377.4003505237
0.0008000100000000002;499202.1753649598;2.918314729642452e-05;46363.81926371334
0.0009000100000000002;498981.9274036761;4.147577812980056e-05;46348.38768872833
0.00100001;498735.3767065377;5.681492058746618e-05;46331.11125108964
0.00110001;498462.6063588866;7.553653644817657e-05;46311.99510531637
0.00120001;498163.6965987695;9.797578630955609e-05;46291.04413762288
0.00130001;497838.7268230468;0.0001244669503784623;46268.26310691094
0.00140001;497487.7769915566;0.0001553433496148516;46243.65674364096
0.00150001;497110.9286221017;0.0001909372672537966;46217.22982007497
0.00160001;496708.2655046151;0.0002315798707314978;46188.98720089604
0.00170001;496279.8742197049;0.0002776011340418362;46158.93388015885
0.001800010000000001;495825.8445186499;0.0003293297605503983;46127.0750085763
0.001900010000000001;495346.2696035922;0.0003870931062931001;46093.41591385914
0.00200001;494841.2463346356;0.0004512171037865755;46057.96211596631
0.00210001;494310.8753825459;0.0005220261863774398;46020.71933858903
0.00220001;493755.2613403397;0.0005998432131574088;45981.6935177887
0.00230001;493174.512803339;0.0006849893944710674;45940.8908084677
0.00240001;492568.7424246908;0.0007777842180428405;45898.31758914857
0.00250001;491938.0669515338;0.000878545375749458;45853.98046544909
0.002600009999999999;491282.6072456941;0.0009875886910638957;45807.88627249153
0.002700009999999999;490602.4882918544;0.001105228047196446;45760.04207648461
0.002800009999999999;489897.8391954498;0.001231775315958216;45710.45517560466
0.002900009999999999;489168.793172039;0.001367540287371981;45659.13310032812
0.003000009999999999;488415.4875295158;0.001512830600054923;45606.08361327568
0.003100009999999999;487638.0636442407;0.001667951672397366;45551.31470868837
0.003200009999999998;486836.6669319515;0.001833206634561226;45494.83461153881
0.003300009999999998;486011.4468141462;0.00200889626132138;45436.6517763767
0.003400009999999998;485162.5566805008;0.002195318905772787;45376.77488592031
0.003500009999999998;484290.15384778;0.00239277043392566;45315.21284942246
0.003600009999999998;483394.3995156251;0.002601544160210505;45251.97480085167
0.003700009999999998;482475.458719534;0.002821930783914412;45187.07009690545
0.003800009999999997;481533.5002813027;0.003054218326569394;45120.5083148655
0.003900009999999997;480568.6967571547;0.003298692070313103;45052.2992503155
0.004000009999999997;479581.2243837545;0.003555634497241686;44982.4529147332
0.004100009999999998;478571.2630222728;0.003825325229774062;44910.97953297587
0.004200009999999998;477538.9961006531;0.004108040972046293;44837.88954065132
0.004300009999999998;476484.6105542076;0.004404055452354209;44763.19358139805
0.004400009999999998;475408.2967646619;0.004713639366661849;44686.90250407163
0.004500009999999999;474310.2484977492;0.005037060323192719;44609.02735985075
0.004600009999999999;473190.662839452;0.005374582788120334;44529.57939926801
0.004700009999999999;472049.7401309762;0.00572646803237385;44448.57006916103
0.00480001;470887.6839025378;0.006092974079574015;44366.01100955577
0.00490001;469704.7008060373;0.006474355655114139;44281.91405049841
0.00500001;468501.0005466905;0.006870864136400109;44196.29120880773
0.00510001;467276.7958136816;0.007282747504262872;44109.15468478801
0.005200010000000001;466032.302209901;0.007710250295556237;44020.51685887534
0.005300010000000001;464767.7381808278;0.008153613556952157;43930.39028823829
0.005400010000000001;463483.3249426116;0.00861307479994515;43838.78770333889
0.005500010000000001;462179.2864094109;0.009088867957076774;43745.72200443254
0.005600010000000002;460855.8491200402;0.009581223339390498;43651.20625804098
0.005700010000000002;459513.2421639753;0.01009036759512671;43555.25369337626
0.005800010000000002;458151.6971067702;0.01061652366966692;43457.87769873047
0.005900010000000002;456771.4479149305;0.01115991076673557;43359.09181783183
0.006000010000000003;455372.7308802939;0.01172074431086745;43258.90974616765
0.006100010000000003;453955.7845439618;0.0122992359111476;43157.34532726971
0.006200010000000003;452520.8496198301;0.01289559332623054;43054.41254898503
0.006300010000000003;451068.1689177618;0.01351002043064469;42950.12553970938
0.006400010000000004;449597.9872664465;0.01414271718238711;42844.49856459966
0.006500010000000004;448110.5514359909;0.01479387959181344;42737.54602176032
0.006600010000000004;446606.1100602809;0.01546369969182698;42629.28243842254
0.006700010000000005;445084.9135591591;0.01615236550937035;42519.72246708673
0.006800010000000005;443547.2140604589;0.01686006103822252;42408.88088166296
0.006900010000000005;441993.2653219344;0.01758696621310343;42296.77257358942
0.007000010000000005;440423.3226531286;0.01833325688508761;42183.41254793936
0.007100010000000006;438837.6428372181;0.01909910479832804;42068.81591951794
0.007200010000000006;437236.4840528733;0.01988467756809029;41952.99790895153
0.007300010000000006;435620.1057961736;0.02069013866009692;41835.97383876808
0.007400010000000006;433988.7688026142;0.02151564737118114;41717.75912946492
0.007500010000000007;432342.7349692432;0.0223613588112483;41598.36929558648
0.007600010000000007;430682.267276965;0.02322742388654335;41477.81994179117
0.007700010000000007;429007.6297130459;0.02411398928422141;41356.12675891535
0.007800010000000007;427319.0871938583;0.02502119745821842;41233.30552004097
0.007900010000000008;425616.9054878986;0.02594918661641809;41109.37207657245
0.008000010000000007;423901.3511391119;0.02689809070911088;40984.34235430673
0.008100010000000006;422172.691390559;0.02786803941874008;40858.23234951575
0.008200010000000006;420431.1941084575;0.02885915815092958;40731.05812503395
0.008300010000000005;418677.1277066313;0.02987156802678745;40602.83580635632
0.008400010000000005;416910.7610713977;0.03090538587647889;40473.5815777464
0.008500010000000004;415132.3634869265;0.03196072423406142;40343.31167835461
0.008600010000000003;413342.2045610997;0.03303769133357495;40212.04239835113
0.008700010000000003;411540.5541519018;0.03413639110637861;40079.79007507257
0.008800010000000002;409727.6822943716;0.03525692317972596;39946.57108918676
0.008900010000000002;407903.8591281422;0.03639938287656952;39812.40186087448
0.009000010000000001;406069.3548255984;0.03756386121658521;39677.29884602756
0.00910001;404224.4395206777;0.03875044491840675;39541.27853247234
0.00920001;402369.3832383432;0.03995921640305969;39404.35743620523
0.009300009999999999;400504.4558247512;0.04119025379858416;39266.55209766561
0.009400009999999999;398629.9268781423;0.04244363094583529;39127.87907801844
0.009500009999999998;396746.0656804768;0.04371941740544941;38988.35495547061
0.009600009999999997;394853.1411298409;0.04501767846596409;38847.99632161196
0.009700009999999997;392951.4216736442;0.0463384751530795;38706.8197777808
0.009800009999999996;391041.1752426327;0.04768186424004824;38564.84193146692
0.009900009999999996;389122.6691857374;0.04904789825918037;38422.07939273198
0.01000000999999999;387196.1702057789;0.05043662551444997;38278.54877066914
0.01010000999999999;385261.9442960497;0.05184809009518943;38134.26666989898
0.01020000999999999;383320.2566777904;0.05328233189085702;37989.24968708504
0.01030000999999999;381371.3717385817;0.05473938660686303;37843.51440749447
0.01040000999999999;379415.5529716664;0.05621928578143981;37697.0774015935
0.01050000999999999;377453.0629162206;0.05772205680354003;37549.95522167075
0.01060000999999999;375484.1630985887;0.05924772293174801;37402.16439850906
0.01070000999999999;373509.113974499;0.06079630331418789;37253.72143808241
0.01080000999999999;371528.1748722729;0.06236781300941269;37104.642818302
0.01090000999999999;369541.6039370424;0.063962263008258;36954.94498579913
0.01100000999999999;367549.6580759888;0.0655796602566434;36804.64435274462
0.01110000999999999;365552.5929046146;0.06722000767930486;36653.7572937131
0.01120000999999999;363550.6626940608;0.06888330420444111;36502.30014259032
0.01130000999999999;361544.1203194791;0.07056954478925649;36350.28918951868
0.01140000999999999;359533.2172094706;0.07227872044638284;36197.74067788514
0.01150000999999999;357518.203296599;0.07401081827116265;36044.67080136349
0.01160000999999999;355499.3269689881;0.07576582146977597;35891.09570098866
0.01170000999999998;353476.8350230092;0.07754370938819238;35737.03146228523
0.01180000999999998;351450.972617069;0.07934445754193044;35582.49411243157
0.01190000999999998;349421.9832265009;0.08116803764660571;35427.49961748267
0.01200000999999998;347390.1085995671;0.08301441764924938;35272.06387962768
0.01210000999999998;345355.5887145774;0.0848835617603786;35116.2027345084
0.01220000999999998;343318.6617381257;0.08677543048679993;34959.93194856881
0.01230000999999998;341279.563984452;0.08868998066512704;34803.26721646705
0.01240000999999998;339238.5298759296;0.0906271654959937;34646.22415852569
0.01250000999999998;337195.7919046812;0.09258693457894332;34488.81831823818
0.01260000999999998;335151.5805953252;0.09456923394797588;34331.0651598227
0.01270000999999998;333106.1244688524;0.09657400610773313;34172.980065818
0.01280000999999998;331059.6500076359;0.098601190070303;34014.57833474388
0.01290000999999998;329012.38162157;0.1006507213926241;33855.87517879487
0.01300000999999998;326964.5416153406;0.1027225322144711;33696.88572159586
0.01310000999999998;324916.3501568236;0.1048165512970015;33537.62499600645
0.01320000999999998;322868.0252466102;0.1069327040618456;33378.10794196794
0.01330000999999997;320819.7826886555;0.1090709126307191;33218.34940441133
0.01340000999999997;318771.8360620476;0.1112310958655399;33058.36413121236
0.01350000999999997;316724.3966938938;0.113413169409031;32898.16677119413
0.01360000999999997;314677.673633318;0.1156170457257877;32737.77187218235
0.01370000999999997;312631.8736265662;0.1178426341437931;32577.19387911478
0.01380000999999997;310587.2010932135;0.1200898408963608;32416.44713220038
0.01390000999999997;308543.8581034663;0.1223585691644871;32255.54586512862
0.01400000999999997;306502.0443565551;0.1246487191195931;32094.50420332462
0.01410000999999997;304461.957160208;0.1269601879666379;31933.3361622661
0.01420000999999997;302423.791411201;0.1292928699875857;31772.05564584408
0.01430000999999997;300387.7395769735;0.1316466565852056;31610.67644477255
0.01440000999999997;298353.9916783044;0.1340214363271886;31449.21223505797
0.01450000999999997;296322.7352730365;0.1364170949905608;31287.67657650643
0.01460000999999997;294294.1554408429;0.1388335156063764;31126.08291129253
0.01470000999999997;292268.4347690242;0.1412705785046721;30964.44456257355
0.01480000999999997;290245.7533393272;0.1437281613596635;30802.77473315033
0.01490000999999997;288226.2887157746;0.1462061392351685;30641.08650418312
0.01500000999999996;286210.2159334947;0.1487043846302367;30479.39283395895
0.01510000999999996;284197.7074885406;0.1512227675249704;30317.70655669867
0.01520000999999996;282188.9333286874;0.1537611554265176;30156.04038142299
0.01530000999999996;280184.0608451957;0.1563194134152212;29994.40689085787
0.01540000999999996;278183.2548655284;0.1588974041909066;29832.81854039984
0.01550000999999996;276186.6776470109;0.1614949881192918;29671.28765711413
0.01560000999999996;274194.4888714196;0.1641120232785019;29509.82643879985
0.01570000999999996;272206.8456404867;0.1667483655056736;29348.44695307998
0.01580000999999996;270223.9024723099;0.1694038684436317;29187.16113656114
0.01590000999999996;268245.8112986505;0.172078383587623;29025.98079401673
0.01600000999999996;266272.7214631093;0.1747717603320896;28864.91759763607
0.01610000999999996;264304.7797201644;0.1774838460174699;28703.98308631271
0.01620000999999996;262342.1302350588;0.1802144859770073;28543.18866496691
0.01630000999999996;260384.9145845219;0.1829635235835549;28382.5456039327
0.01640000999999996;258433.2717583118;0.1857308002963598;28222.06503837218
0.01650000999999996;256487.3381615634;0.1885161557078125;28061.75796774375
0.01660000999999996;254547.2476179279;0.1913194275901472;27901.63525530807
0.01670000999999996;252613.1313734886;0.1941404519420782;27741.70762768099
0.01680000999999996;250685.1181014386;0.1969790630353593;27581.98567442956
0.01690000999999995;248763.3339075049;0.1998350934612515;27422.47984769777
0.01700000999999995;246847.902336104;0.2027083741768861;27263.20046189818
0.01710000999999995;244938.9443772143;0.2055987345515098;27104.15769341353
0.01720000999999995;243036.5784739487;0.2085060024125988;26945.36158036681
0.01730000999999995;241140.9205308142;0.211430004091829;26786.82202241246
0.01740000999999995;239252.0839226402;0.2143705644708902;26628.54878057682
0.01750000999999995;237370.1795041634;0.2173275070271309;26470.55147712676
0.01760000999999995;235495.315620251;0.2203006538790235;26312.83959548847
0.01770000999999995;233627.5981167481;0.2232898258314371;26155.42248019862
0.01780000999999995;231767.130351934;0.2262948424207057;25998.30933688949
0.01790000999999995;229914.0132085706;0.2293155219594827;25841.50923231114
0.01800000999999995;228068.3451065291;0.232351681581368;25685.03109439187
0.01810000999999995;226230.2220159779;0.2354031372852998;25528.88371233676
0.01820000999999995;224399.7374711176;0.2384697039796981;25373.07573674807
0.01830000999999995;222576.9825844465;0.241551195526352;25217.61567979739
0.01840000999999995;220762.0460615419;0.2446474247840392;25062.5119154133
0.01850000999999995;218955.0142163422;0.2477582036518688;24907.77267951546
0.01860000999999994;217155.9709869127;0.2508833431123379;24753.40607027284
0.01870000999999994;215364.9979516831;0.2540226532740926;24599.42004839188
0.01880000999999994;213582.1743461381;0.257175943414385;24445.82243744807
0.01890000999999994;211807.5770799482;0.2603430220212178;24292.62092422832
0.01900000999999994;210041.2807545253;0.2635236968351667;24139.82305912387
0.01910000999999994;208283.3576809876;0.2667177748908745;23987.43625652998
0.01920000999999994;206533.8778985199;0.2699250625582074;23835.46779529651
0.01930000999999994;204792.909193114;0.2731453655830672;23683.92481918406
0.01940000999999994;203060.5171166754;0.2763784891278506;23532.81433736463
0.01950000999999994;201336.7650064805;0.2796242378115509;23382.14322494414
0.01960000999999994;199621.7140049713;0.2828824157494922;23231.91822350024
0.01970000999999994;197915.4230798736;0.2861528265926925;23082.14594166038
0.01980000999999994;196217.9490446231;0.289435273566847;22932.83285569375
0.01990000999999994;194529.3465790872;0.2927295595109272;22783.98531013528
0.02000000999999994;192849.6682505678;0.2960354869153897;22635.60951842419
0.02010000999999994;191178.9645350719;0.2993528579599878;22487.7115635686
0.02020000999999993;189517.2838388367;0.3026814745511825;22340.29739883872
0.02030000999999993;187864.6725200956;0.3060211383591459;22193.37284846966
0.02040000999999993;186221.174911072;0.3093716508543544;22046.94360839662
0.02050000999999993;184586.8333401885;0.3127328133437651;21901.01524700226
0.02060000999999993;182961.688154478;0.3161044270065713;21755.59320588358
0.02070000999999993;181345.777742185;0.3194862929295345;21610.68280064809
0.02080000999999993;179739.1385555442;0.3228782121418864;21466.28922171046
0.02090000999999993;178141.8051337239;0.3262799856498003;21322.41753512831
0.02100000999999993;176553.8101259232;0.3296914144704253;21179.07268343662
0.02110000999999993;174975.1843146094;0.3331122996654822;21036.2594865098
0.02120000999999993;173405.9566388871;0.3365424423744179;20893.98264243782
0.02130000999999993;171846.1542179829;0.3399816438471134;20752.24672841112
0.02140000999999993;170295.8023748398;0.3434297054761458;20611.05620163326
0.02150000999999993;168754.9246598055;0.3468864288285997;20470.41540023478
0.02160000999999993;167223.5428744074;0.3503516156774268;20330.32854421352
0.02170000999999993;165701.6770952003;0.3538250680323514;20190.79973637413
0.02180000999999993;164189.3456976802;0.3573065881703195;20051.83296329263
0.02190000999999992;162686.5653802504;0.360795978665491;19913.43209628581
0.02200000999999992;161193.351188232;0.3642930424187726;19775.60089239827
0.02210000999999992;159709.7165379077;0.3677975826868912;19638.34299539338
0.02220000999999992;158235.673240591;0.3713094031110049;19501.66193676101
0.02230000999999992;156771.2315267091;0.3748283077448531;19365.56113673453
0.02240000999999992;155316.4000698921;0.3783541010824439;19230.04390531419
0.02250000999999992;153871.1860110582;0.3818865880852773;19095.11344329752
0.02260000999999992;152435.5949824879;0.3854255742091053;18960.77284333236
0.02270000999999992;151009.6311318762;0.3889708654302291;18827.02509095885
0.02280000999999992;149593.297146356;0.3925222682713313;18693.87306567298
0.02290000999999992;148186.5942764845;0.3960795898268456;18561.31954199137
0.02300000999999992;146789.5223601837;0.3996426377878626;18429.36719052379
0.02310000999999992;145402.0798466279;0.4032112204665737;18298.01857905534
0.02320000999999992;144024.2638200708;0.4067851468202519;18167.27617362409
0.02330000999999992;142656.070023604;0.410364226474772;18037.1423396233
0.02340000999999992;141297.4928828403;0.4139482697476709;17907.61934288397
0.02350000999999991;139948.5255295153;0.4175370876707471;17778.70935078267
0.02360000999999991;138609.159824999;0.4211304920122036;17650.414433345
0.02370000999999991;137279.3863837125;0.4247282952983336;17522.73656434866
0.02380000999999991;135959.1945964423;0.4283303108347505;17395.67762244063
0.02390000999999991;134648.5726535467;0.4319363527271655;17269.23939224748
0.02400000999999991;133347.5075680476;0.4355462359017117;17143.42356549146
0.02410000999999991;132055.9851986024;0.4391597761248195;17018.23174210971
0.02420000999999991;130773.9902723507;0.4427767900226433;16893.66543137548
0.02430000999999991;129501.5064076295;0.4463970951000423;16769.72605301879
0.02440000999999991;128238.5161365515;0.4500205097591181;16646.41493835022
0.02450000999999991;126985.0009274437;0.4536468533173096;16523.73333138063
0.02460000999999991;125740.9412071381;0.4572759460250506;16401.68238995041
0.02470000999999991;124506.316383112;0.4609076090829891;16280.26318684832
0.02480000999999991;123281.1048654735;0.4645416646587746;16159.47671093828
0.02490000999999991;122065.2840887861;0.4681779359034123;16039.32386827638
0.02500000999999991;120858.8305337299;0.4718162469671903;15919.80548323934
0.02510000999999991;119661.719748595;0.4754564230151806;15800.92229964019
0.0252000099999999;118473.9263706029;0.4790982902423184;15682.67498184774
0.0253000099999999;117295.4241470519;0.4827416758880614;15565.06411590666
0.0254000099999999;116126.1859562844;0.486386408250633;15448.09021064457
0.0255000099999999;114966.1838284713;0.4900323167008518;15331.75369878993
0.0256000099999999;113815.3889662114;0.493679231695553;15216.05493808192
0.0257000099999999;112673.7717649415;0.4973269847906018;15100.99421237205
0.0258000099999999;111541.301833156;0.5009754086535044;14986.57173272795
0.0259000099999999;110417.9480124319;0.50462433707562;14872.78763853894
0.0260000099999999;109303.6783972571;0.5082736049839767;14759.64199860117
0.0261000099999999;108198.4603546599;0.5119230484526944;14647.134812221
0.0262000099999999;107102.2605436371;0.5155725047140212;14535.26601029128
0.0263000099999999;106015.0449343781;0.5192218121689819;14424.03545638015
0.0264000099999999;104936.7788272843;0.522870810397649;14313.44294781173
0.0265000099999999;103867.4268717803;0.5265193401690341;14203.4882167309
0.0266000099999999;102806.9530849169;0.530167243450606;14094.17093117618
0.0267000099999999;101755.3208697627;0.5338143634174408;13985.49069614656
0.0268000099999999;100712.4930335836;0.537460544461007;13877.44705465312
0.02690000999999989;99678.43180580929;0.5411056321975865;13770.03948876849
0.02700000999999989;98653.09885578469;0.544749473476341;13663.26742068079
0.02710000999999989;97636.4553103052;0.5483919163870242;13557.13021372487
0.02720000999999989;96628.46177093594;0.5520328102673445;13451.62717341933
0.02730000999999989;95629.07833111269;0.5556720057099835;13346.75754849773
0.02740000999999989;94638.26459302439;0.5593093545692736;13242.52053191959
0.02750000999999989;93655.97968427702;0.5629447099675382;13138.91526189253
0.02760000999999989;92682.18227433713;0.5665779263011005;13035.94082287146
0.02770000999999989;91716.83059075617;0.5702088592459631;12933.5962465664
0.02780000999999989;90759.88243517357;0.5738373657631652;12831.88051293179
0.02790000999999989;89811.29519909954;0.5774633041038194;12730.79255114984
0.02800000999999989;88871.02587947708;0.5810865338138326;12630.33124061234
0.02810000999999989;87939.03109402308;0.5847069157383166;12530.49541188524
0.02820000999999989;87015.26709634878;0.5883243120256918;12431.28384768096
0.02830000999999989;86099.68979085919;0.5919385861314894;12332.6952838088
0.02840000999999989;85192.25474743225;0.5955496028218542;12234.72841011892
0.02850000999999988;84292.91721587801;0.5991572281767543;12137.38187144981
0.02860000999999988;83401.63214017777;0.6027613295929013;12040.65426854853
0.02870000999999988;82518.35417250395;0.6063617757863855;11944.54415901011
0.02880000999999988;81643.03768702123;0.6099584367950317;11849.05005818066
0.02890000999999988;80775.6367934696;0.6135511839804761;11754.17044006498
0.02900000999999988;79916.10535052983;0.6171398900299732;11659.90373823367
0.02910000999999988;79064.39697897203;0.6207244289579346;11566.24834670765
0.02920000999999988;78220.46507458857;0.6243046761072039;11473.20262083576
0.02930000999999988;77384.26282091206;0.6278805081500729;11380.7648781805
0.02940000999999988;76555.74320171888;0.6314518030890434;11288.93339937039
0.02950000999999988;75734.85901331986;0.6350184402573381;11197.70642896696
0.02960000999999988;74921.56287663899;0.6385803003191659;11107.08217630277
0.02970000999999988;74115.80724908094;0.6421372652697441;11017.0588163275
0.02980000999999988;73317.54443618956;0.6456892184350851;10927.6344904358
0.02990000999999988;72526.72660309699;0.6492360444715475;10838.80730728808
0.03000000999999988;71743.30578576621;0.652777629365159;10750.57534361983
0.03010000999999988;70967.23390202771;0.656313860430715;10662.93664505607
0.03020000999999987;70198.46276241123;0.6598446263106554;10575.88922689352
0.03030000999999987;69436.94408077483;0.6633698169737255;10489.43107489835
0.03040000999999987;68682.62948473201;0.6668893237134244;10403.56014606979
0.03050000999999987;67935.4705258793;0.6704030391462438;10318.27436942304
0.03060000999999987;67195.41868982425;0.6739108572097049;10233.57164673638
0.03070000999999987;66462.42540601768;0.6774126731601933;10149.44985331129
0.03080000999999987;65736.44205738923;0.6809083835705986;10065.90683870498
0.03090000999999987;65017.41998979027;0.6843978863277616;9982.940427469903
0.03100000999999987;64305.31052124396;0.687881080629734;9900.548419875791
0.03110000999999987;63600.06495100533;0.6913578669828533;9818.728592618681
0.03120000999999987;62901.63456843253;0.6948281471986376;9737.478699534511
0.03130000999999987;62209.97066167147;0.6982918243905053;9656.796472293629
0.03140000999999987;61525.02452615489;0.7017488029703203;9576.679621080521
0.03150000999999988;60846.74747291863;0.7051989886447707;9497.125835289447
0.03160000999999988;60175.09083673609;0.7086422884115822;9418.132784176445
0.03170000999999988;59510.00598407337;0.7120786105555695;9339.698117532946
0.03180000999999989;58851.44432086637;0.7155078646445324;9261.819466333243
0.03190000999999989;58199.35730012214;0.7189299615249973;9184.494443380618
0.03200000999999989;57553.69642934651;0.7223448133178093;9107.720643937031
0.03210000999999989;56914.41327779947;0.7257523334135775;9031.49564635527
0.0322000099999999;56281.45948358032;0.7291524364679794;8955.817012694743
0.0323000099999999;55654.78676054507;0.7325450383969255;8880.682289326729
0.0324000099999999;55034.34690505724;0.7359300563715878;8806.089007538345
0.03250000999999991;54420.09180257477;0.7393074088132982;8732.034684122287
0.03260000999999991;53811.97343407453;0.742677015388317;8658.516821959924
0.03270000999999991;53209.94388231637;0.7460387970024775;8585.532910593851
0.03280000999999991;52613.9553379494;0.7493926757957091;8513.080426799455
0.03290000999999992;52023.96010546139;0.7527385751364419;8441.156835135182
0.03300000999999992;51439.91060897439;0.7560764196158962;8369.759588493649
0.03310000999999992;50861.75939788784;0.7594061350422617;8298.886128647851
0.03320000999999993;50289.45915237141;0.7627276484347674;8228.533886773275
0.03330000999999993;49722.9626887097;0.766040888017646;8158.700283979438
0.03340000999999993;49162.22296450054;0.7693457832139989;8089.382731826205
0.03350000999999993;48607.19308370919;0.7726422646395599;8020.578632825261
0.03360000999999994;48057.82630158024;0.7759302640963642;7952.285380945599
0.03370000999999994;47514.07602940933;0.7792097145663257;7884.500362102503
0.03380000999999994;46975.89583917653;0.7824805502047234;7817.220954640376
0.03390000999999995;46443.23946804366;0.7857427063336019;7750.444529809592
0.03400000999999995;45916.06082271734;0.7889961194350893;7684.168452237108
0.03410000999999995;45394.31398367957;0.792240727144633;7618.390080379503
0.03420000999999995;44877.95320928861;0.7954764682441581;7553.106766980131
0.03430000999999996;44366.93293975094;0.7987032826551508;7488.315859512043
0.03440000999999996;43861.20780096728;0.8019211114316703;7424.014700616813
0.03450000999999996;43360.73260825434;0.8051298967532901;7360.200628527759
0.03460000999999997;42865.46236994398;0.8083295819179734;7296.870977502221
0.03470000999999997;42375.35229086193;0.811520111334885;7234.023078223826
0.03480000999999997;41890.3577756883;0.8147014305171402;7171.654258220242
0.03490000999999997;41410.43443220096;0.8178734860744955;7109.761842251401
0.03500000999999998;40935.53807440505;0.8210362257059842;7048.343152716139
0.03510000999999998;40465.62472554871;0.8241895981924978;6987.395510026528
0.03520000999999998;40000.65062102902;0.8273335533893138;6926.916232981815
0.03530000999999999;39540.57221118839;0.8304680422185766;6866.902639155834
0.03540000999999999;39085.34616400376;0.8335930166617341;6807.352045249459
0.03550000999999999;38634.92936767073;0.8367084297519262;6748.261767446011
0.03560000999999999;38189.27893308424;0.8398142355663333;6689.629121770712
0.03570001;37748.35219621778;0.8429103892184864;6631.451424423714
0.03580001;37312.10672040257;0.8459968468505378;6573.72599212661
0.03590001;36880.50029850898;0.8490735656254984;6516.450142442784
0.03600001000000001;36453.49095503191;0.8521405037194413;6459.621194111119
0.03610001000000001;36031.03694808119;0.8551976203136765;6403.23646735991
0.03620001000000001;35613.09677127983;0.8582448755868946;6347.293284207388
0.03630001000000001;35199.6291555713;0.8612822307072836;6291.788968781297
0.03640001000000002;34790.59307093742;0.8643096478246256;6236.720847611691
0.03650001000000002;34385.9477280288;0.8673270900623657;6182.086249913633
0.03660001000000002;33985.65257970976;0.8703345215096627;6127.882507887347
0.03670001000000003;33589.66732251868;0.8733319072134211;6074.106956984989
0.03680001000000003;33197.95189804619;0.8763192131703067;6020.756936197608
0.03690001000000003;32810.4664942326;0.8792964063187468;5967.829788309415
0.03700001000000003;32427.17154658571;0.882263454530916;5915.322860163602
0.03710001000000004;32048.02773932175;0.8852203266047132;5863.233502929546
0.03720001000000004;31672.99600642928;0.8881669922557274;5811.559072333866
0.03730001000000004;31302.03753265997;0.891103422109195;5760.296928919671
0.03740001000000005;30935.11375444522;0.8940295876919528;5709.444438281001
0.03750001000000005;30572.18636074234;0.8969454614243844;5658.998971292204
0.03760001000000005;30213.21729381053;0.8998510166123652;5608.957904348501
0.03770001000000005;29858.16874991839;0.9027462274392057;5559.318619568937
0.03780001000000006;29507.00317998529;0.905631068957593;5510.07850503494
0.03790001000000006;29159.68329015634;0.9085055170815372;5461.234954986196
0.03800001000000006;28816.17204231433;0.911369548578318;5412.785370038576
0.03810001000000007;28476.43265452873;0.9142231410604382;5364.727157378553
0.03820001000000007;28140.42860144364;0.9170662729775809;5317.057730963599
0.03830001000000007;27808.12361460624;0.9198989236085756;5269.77451171524
0.03840001000000007;27479.48168273664;0.9227210730533727;5222.874927702348
0.03850001000000008;27154.46705194097;0.9255327022250269;5176.356414325166
0.03860001000000008;26833.04422586893;0.9283337928416944;5130.216414497369
0.03870001000000008;26515.17796581651;0.9311243274186408;5084.452378811005
0.03880001000000009;26200.83329077661;0.9339042892602617;5039.06176570488
0.03890001000000009;25889.975477437;0.9366736624521206;4994.042041638702
0.03900001000000009;25582.57006012847;0.9394324318530035;4949.390681242838
0.03910001000000009;25278.58283072327;0.9421805830869867;4905.105167466766
0.0392000100000001;24977.97983848619;0.9449181025355271;4861.182991750611
0.0393000100000001;24680.72738987826;0.9476449773295719;4817.621654150588
0.0394000100000001;24386.79204831518;0.9503611953416861;4774.418663490291
0.03950001000000011;24096.14063388135;0.9530667451782026;4731.571537490932
0.03960001000000011;23808.74022300061;0.9557616161713952;4689.077802917176
0.03970001000000011;23524.55814806489;0.9584457983716783;4646.934995699802
0.03980001000000011;23243.56199702167;0.9611192825398251;4605.140661052571
0.03990001000000012;22965.71961292205;0.9637820601392163;4563.69235361394
0.04000001000000012;22690.9990934293;0.9664341233281124;4522.587637540189
0.04010001000000012;22419.36879029071;0.9690754649519538;4481.82408664232
0.04020001000000013;22150.79730877176;0.9717060785356909;4441.399284479467
0.04030001000000013;21885.25350705513;0.9743259582761401;4401.310824474792
0.04040001000000013;21622.70649560521;0.9769350990343721;4361.556310014009
0.04050001000000013;21363.12563649872;0.9795334963281291;4322.133354545365
0.04060001000000014;21106.48054272295;0.9821211463242745;4283.039581678613
0.04070001000000014;20852.74107744206;0.9846980458312742;4244.272625271789
0.04080001000000014;20601.87735323291;0.9872641922917086;4205.830129519529
0.04090001000000015;20353.85973129132;0.9898195837748204;4167.709749047223
0.04100001000000015;20108.65882060887;0.9923642189690983;4129.909148990885
0.04110001000000015;19866.2454771222;0.994898097174892;4092.426005065449
0.04120001000000015;19626.59080283522;0.9974212182970617;4055.258003652267
0.04130001000000016;19389.66614491527;0.9999335828376664;4018.402841866125
0.04140001000000016;19155.44309476347;1.00243519188869;3981.858227636838
0.04150001000000016;18923.8934870609;1.004926047124801;3945.621879749353
0.04160001000000017;18694.98939879138;1.00740615079615;3909.691527941397
0.04170001000000017;18468.70314824091;1.00987550572121;3874.064912936309
0.04180001000000017;18245.00729397532;1.012334115279647;3838.739786516114
0.04190001000000017;18023.87463379659;1.014781983405239;3803.713911572814
0.04200001000000018;17805.27820367886;1.01721911457883;3768.985062161482
0.04210001000000018;17589.19127668413;1.019645513821323;3734.551023546855
0.04220001000000018;17375.58736185973;1.022061186686716;3700.409592255746
0.04230001000000019;17164.44020311685;1.024466139255179;3666.558576118872
0.04240001000000019;16955.72377809167;1.02686037812617;3632.995794312518
0.04250001000000019;16749.41229698981;1.029243910411593;3599.719077397951
0.04260001000000019;16545.48020141426;1.031616743729002;3566.726267358632
0.0427000100000002;16343.90216317805;1.033978886194845;3534.015217637296
0.0428000100000002;16144.65308310176;1.036330346417746;3501.583793162938
0.0429000100000002;15947.708089797;1.038671133491838;3469.429870387652
0.04300001000000021;15753.04253843615;1.041001256990135;3437.55133730958
0.04310001000000021;15560.63200950903;1.043320726957949;3405.946093497876
0.04320001000000021;15370.45230756741;1.045629553906349;3374.612050115787
0.04330001000000021;15182.47945995746;1.047927748805666;3343.547129953264
0.04340001000000022;14996.6897155411;1.050215323079043;3312.749267423211
0.04350001000000022;14813.05954340651;1.052492288596027;3282.21640860382
0.04360001000000022;14631.5656315688;1.054758657666212;3251.946511233296
0.04370001000000023;14452.18488566083;1.057014443032913;3221.937544731491
0.04380001000000023;14274.89442761514;1.059259657866903;3192.187490212122
0.04390001000000023;14099.67159433726;1.061494315760183;3162.694340495136
0.04400001000000024;13926.49393637104;1.063718430719807;3133.456100102728
0.04410001000000024;13755.33921655621;1.06593201716174;3104.470785272335
0.04420001000000024;13586.18540867944;1.068135089904772;3075.736423964205
0.04430001000000024;13419.0106961181;1.070327664164479;3047.251055849397
0.04440001000000025;13253.79347047878;1.072509755547218;3019.012732332414
0.04450001000000025;13090.51233022911;1.074681380044187;2991.019516525611
0.04460001000000025;12929.14607932513;1.076842554025508;2963.269483261722
0.04470001000000026;12769.67372583354;1.078993294234381;2935.760719090504
0.04480001000000026;12612.07448054961;1.081133617781265;2908.491322256615
0.04490001000000026;12456.32775561136;1.083263542138111;2881.459402707828
0.04500001000000026;12302.4131631098;1.085383085132651;2854.663082087702
0.04510001000000027;12150.31051369584;1.087492264942718;2828.100493706459
0.04520001000000027;11999.9998151853;1.089591100090626;2801.769782551982
0.04530001000000027;11851.46127116035;1.091679609437587;2775.669105255074
0.04540001000000028;11704.67527956985;1.093757812178178;2749.79663009443
0.04550001000000028;11559.62243132723;1.095825727834858;2724.150536963245
0.04560001000000028;11416.2835089076;1.097883376252525;2698.729017365082
0.04570001000000028;11274.63948494339;1.099930777593124;2673.530274391799
0.04580001000000029;11134.67152081924;1.101967952330303;2648.552522697283
0.04590001000000029;10996.36096526715;1.103994921244108;2623.7939884834
0.04600001000000029;10859.68935296085;1.106011705415734;2599.252909481502
0.0461000100000003;10724.63840311047;1.108018326222312;2574.92753491363
0.0462000100000003;10591.19001805814;1.110014805331752;2550.816125488343
0.0463000100000003;10459.32628187392;1.11200116469763;2526.916953360188
0.0464000100000003;10329.02945895327;1.11397742655411;2503.228302107614
0.04650001000000031;10200.28199261546;1.11594361341093;2479.748466709972
0.04660001000000031;10073.06650370358;1.117899748048423;2456.475753514164
0.04670001000000031;9947.365789186844;1.119845853512582;2433.408480203762
0.04680001000000032;9823.162820764583;1.121781953110181;2410.544975779678
0.04690001000000032;9700.440743472564;1.123708070403928;2387.883580506191
0.04700001000000032;9579.182874292506;1.125624229207677;2365.422645908489
0.04710001000000032;9459.372700763273;1.127530453581677;2343.160534717313
0.04720001000000033;9340.993879596375;1.129426767827866;2321.095620837681
0.04730001000000033;9224.030235293958;1.131313196485213;2299.226289325698
0.04740001000000033;9108.465758770122;1.133189764325108;2277.550936343697
0.04750001000000034;8994.284605976352;1.135056496346792;2256.067969129775
0.04760001000000034;8881.47109653056;1.13691341777283;2234.775805948991
0.04770001000000034;8770.009712350238;1.138760554044634;2213.672876070535
0.04780001000000034;8659.885096289656;1.140597930818027;2192.757619720755
0.04790001000000035;8551.082050781575;1.14242557395885;2172.028488047392
0.04800001000000035;8443.585536483644;1.144243509538621;2151.483943077515
0.04810001000000035;8337.380670929184;1.146051763830225;2131.12245767785
0.04820001000000036;8232.452727182976;1.14785036330366;2110.942515517418
0.04830001000000036;8128.787132502441;1.149639334621816;2090.942611015655
0.04840001000000036;8026.369467003474;1.151418704636305;2071.121249315373
0.04850001000000036;7925.185462331878;1.153188500383331;2051.476946224489
0.04860001000000037;7825.221000340273;1.154948749079602;2032.008228182522
0.04870001000000037;7726.462111770464;1.156699478118288;2012.713632220904
0.04880001000000037;7628.894974941575;1.158440715065017;1993.591705901185
0.04890001000000038;7532.505914444238;1.160172487653917;1974.641007288381
0.04900001000000038;7437.281399840371;1.161894823783697;1955.860104896678
0.04910001000000038;7343.208044369346;1.163607751513774;1937.247577643088
0.04920001000000038;7250.272603660311;1.165311299060435;1918.802014811334
0.04930001000000039;7158.461974450377;1.167005494793051;1900.522015991561
0.04940001000000039;7067.763193309923;1.168690367230322;1882.406191043645
0.04950001000000039;6978.163435373643;1.170365945036566;1864.453160039223
0.0496000100000004;6889.650013079117;1.172032257018047;1846.661553226943
0.0497000100000004;6802.210374910759;1.173689332119352;1829.030010979158
0.0498000100000004;6715.832104151795;1.175337199419797;1811.557183736082
0.0499000100000004;6630.502917642224;1.176975888129884;1794.241731975149
0.05000001000000041;6546.210664543916;1.178605427587785;1777.082326137044
0.05010001000000041;6462.943325113032;1.180225847255876;1760.07764660212
0.05020001000000041;6380.689009478991;1.181837176717311;1743.226383621305
0.05030001000000042;6299.435956430835;1.183439445672621;1726.527237274532
0.05040001000000042;6219.172532210844;1.18503268393637;1709.978917426288
0.05050001000000042;6139.887229314902;1.186616921433841;1693.580143663879
0.05060001000000042;6061.568665300967;1.188192188197755;1677.329645248025
0.05070001000000043;5984.205581604171;1.189758514365038;1661.226161077647
0.05080001000000043;5907.786842359591;1.191315930173624;1645.268439618349
0.05090001000000043;5832.301433232587;1.192864465959286;1629.455238864639
0.05100001000000044;5757.738460256396;1.194404152152517;1613.785326280446
0.05110001000000044;5684.087148677415;1.195935019275442;1598.257478763185
0.05120001000000044;5611.336841807865;1.197457097938766;1582.870482565542
0.05130001000000044;5539.476999886324;1.198970418838763;1567.62313327337
0.05140001000000045;5468.497198945691;1.200475012754292;1552.514235727634
0.05150001000000045;5398.387129688856;1.20197091054386;1537.542603992694
0.05160001000000045;5329.136596371975;1.203458143142715;1522.707061292244
0.05170001000000046;5260.735515695683;1.204936741559978;1508.006439968096
0.05180001000000046;5193.173915703848;1.206406736875806;1493.439581411848
0.05190001000000046;5126.44193469011;1.207868160238589;1479.005336023703
0.05200001000000046;5060.529820112373;1.209321042862186;1464.702563157697
0.05210001000000047;4995.427927514721;1.210765416023196;1450.530131080143
0.05220001000000047;4931.126719457405;1.212201311058265;1436.486916897345
0.05230001000000047;4867.616764454466;1.213628759361415;1422.571806505639
0.05240001000000048;4804.888735919643;1.215047792381417;1408.783694562797
0.05250001000000048;4742.933411119328;1.2164584416192;1395.12148440328
0.05260001000000048;4681.741670134112;1.217860738625285;1381.584088013944
0.05270001000000048;4621.304494827566;1.219254714997257;1368.170425958368
0.05280001000000049;4561.612967823241;1.220640402377265;1354.879427335491
0.05290001000000049;4502.658271489447;1.222017832449559;1341.710029733772
0.05300001000000049;4444.431686931677;1.223387036938062;1328.661179160489
0.0531000100000005;4386.924592993011;1.224748047603962;1315.731830012715
0.0532000100000005;4330.128465262128;1.226100896243351;1302.920944994699
0.0533000100000005;4274.034875089814;1.227445614684877;1290.227495097035
0.0534000100000005;4218.635488612175;1.228782234787446;1277.650459522627
0.05350001000000051;4163.922065782668;1.230110788437944;1265.188825645459
0.05360001000000051;4109.886459411255;1.231431307548991;1252.841588953247
0.05370001000000051;4056.520614211553;1.232743824056725;1240.607752990418
0.05380001000000052;4003.816565856113;1.234048369918618;1228.486329328742
0.05390001000000052;3951.766440038376;1.235344977111326;1216.476337479046
0.05400001000000052;3900.362451543647;1.236633677628551;1204.576804869986
0.05410001000000052;3849.59690332697;1.237914503478955;1192.786766783678
0.05420001000000053;3799.462185598791;1.239187486684087;1181.105266303373
0.05430001000000053;3749.950774918562;1.24045265927635;1169.531354268874
0.05440001000000053;3701.055233295516;1.241710053296985;1158.064089216836
0.05450001000000054;3652.76820729749;1.242959700794091;1146.702537329006
0.05460001000000054;3605.08242716735;1.244201633820671;1135.445772391764
0.05470001000000054;3557.9907059466;1.245435884432706;1124.292875733348
0.05480001000000054;3511.485938606794;1.246662484687255;1113.242936179981
0.05490001000000055;3465.561101188307;1.24788146664058;1102.295049993756
0.05500001000000055;3420.209249947069;1.249092862346308;1091.448320847222
0.05510001000000055;3375.423520507909;1.250296703853607;1080.701859736243
0.05520001000000056;3331.197127026258;1.251493023205399;1070.054784969251
0.05530001000000056;3287.523361356331;1.252681852436592;1059.506222080875
0.05540001000000056;3244.395592227509;1.253863223572337;1049.055303803387
0.05550001000000056;3201.80726442752;1.255037168626321;1038.701170013097
0.05560001000000057;3159.75189799314;1.25620371959907;1028.442967677071
0.05570001000000057;3118.223087407944;1.257362908476295;1018.27985080367
0.05580001000000057;3077.214500807702;1.258514767227248;1008.210980400113
0.05590001000000058;3036.719879192258;1.259659327803108;998.2355244062013
0.05600001000000058;2996.733035645679;1.260796622135393;988.3526576660656
0.05610001000000058;2957.247854562333;1.261926682134398;978.561561872482
0.05620001000000058;2918.258290880667;1.263049539687652;968.8614255016818
0.05630001000000059;2879.758369324085;1.264165226658397;959.2514437887447
0.05640001000000059;2841.742183648817;1.2652737748841;949.7308186661224
0.05650001000000059;2804.203895898279;1.266375216174978;940.2987587159602
0.0566000100000006;2767.137735665213;1.267469582312557;930.9544791323704
0.0567000100000006;2730.537999359712;1.268556905048241;921.6972016448632
0.0568000100000006;2694.399049485317;1.269637216101909;912.5261545167691
0.0569000100000006;2658.715313920555;1.270710547160545;903.440572459416
0.05700001000000061;2623.481285208376;1.271776929876873;894.4396965922737
0.05710001000000061;2588.69151985198;1.272836395868021;885.522774415608
0.05720001000000061;2554.340637616813;1.273888976714212;876.6890597358471
0.05730001000000062;2520.423320840061;1.274934703957465;867.9378126387337
0.05740001000000062;2486.934313746284;1.275973609100332;859.268299440412
0.05750001000000062;2453.868421769532;1.277005723604635;850.6797926235953
0.05760001000000062;2421.220510882441;1.278031078890253;842.1715708292915
0.05770001000000063;2388.985506931121;1.279049706333902;833.7429187629018
0.05780001000000063;2357.158394977339;1.280061637267951;825.3931271922861
0.05790001000000063;2325.734218646017;1.28106690297925;817.1214928700168
0.05800001000000064;2294.708079480494;1.282065534707982;808.9273185014722
0.05810001000000064;2264.075136302853;1.283057563646536;800.8099127185384
0.05820001000000064;2233.830604580778;1.284043020938399;792.7685899916245
0.05830001000000064;2203.969755801487;1.285021937677062;784.8026706304943
0.05840001000000065;2174.487916850584;1.285994344904955;776.9114807088048
0.05850001000000065;2145.380469398006;1.286960273612383;769.0943520301307
0.05860001000000065;2116.642849289579;1.287919754736504;761.3506220938457
0.05870001000000066;2088.270545944915;1.288872819160315;753.6796340439751
0.05880001000000066;2060.259101760735;1.289819497711644;746.0807366074229
0.05890001000000066;2032.604111521273;1.290759821162175;738.5532840887819
0.05900001000000066;2005.301221813401;1.291693820226492;731.0966362976471
0.05910001000000067;1978.346130448203;1.292621525561134;723.7101585212408
0.05920001000000067;1951.734585888245;1.29354296776367;716.3932214749163
0.05930001000000067;1925.462386680976;1.294458177371782;709.1452012532017
0.05940001000000068;1899.525380897324;1.29536718486238;701.9654793082519
0.05950001000000068;1873.919465576241;1.296270020650728;694.8534423957265
0.05960001000000068;1848.640586175049;1.29716671508958;687.808482521427
0.05970001000000068;1823.684736025155;1.298057298468346;680.8299969360637
0.05980001000000069;1799.047955793273;1.298941801012262;673.9173880504015
0.05990001000000069;1774.72633294851;1.299820252881581;667.0700634251485
0.06000001000000069;1750.716001234493;1.300692684170777;660.2874357186071
0.0601000100000007;1727.013140147443;1.301559124907769;653.568922650439
0.0602000100000007;1703.613974419113;1.302419605053162;646.9139469604427
0.0603000100000007;1680.514773505305;1.303274154499495;640.3219363676455
0.0604000100000007;1657.711851079633;1.304122803070513;633.7923235296989
0.06050001000000071;1635.201564532763;1.304965580520441;627.3245460075752
0.06060001000000071;1612.980314476536;1.305802516533296;620.9180462303584
0.06070001000000071;1591.044544253304;1.306633640722193;614.5722714453924
0.06080001000000072;1569.390739450517;1.307458982628671;608.2866736837884
0.06090001000000072;1548.015427420511;1.308278571722029;602.0607097211852
0.06100001000000072;1526.915176805183;1.309092437398689;595.8938410580646
0.06110001000000072;1506.086597065194;1.309900608981572;589.7855338517553
0.06120001000000073;1485.526338015007;1.310703115719462;583.735258892666
0.06130001000000073;1465.231089362269;1.311499986786419;577.742491580228
0.06140001000000073;1445.197580252165;1.312291251281182;571.8067118610639
0.06150001000000074;1425.422578816479;1.31307693822659;565.9274042056493
0.06160001000000074;1405.90289172786;1.313857076569023;560.1040575800606
0.06170001000000074;1386.635363758206;1.314631695177851;554.3361653901009
0.06180001000000074;1367.61687734226;1.315400822844894;548.623225462936
0.06190001000000075;1348.844352145486;1.316164488283902;542.9647399965805
0.06200001000000075;1330.314744636904;1.316922720130033;537.3602155371991
0.06210001000000075;1312.02504766627;1.317675546939361;531.8091629338189
0.06220001000000076;1293.972290045602;1.318422997188385;526.3110973114232
0.06230001000000076;1276.153536135741;1.319165099273551;520.8655380263531
0.06240001000000076;1258.565885436853;1.319901881510787;515.472008639839
0.06250001000000076;1241.206472183582;1.320633372135055;510.1300368827681
0.06260001000000076;1224.072464944455;1.321359599299901;504.8391546121005
0.06270001000000076;1207.16106622569;1.322080591077036;499.598897797896
0.06280001000000077;1190.469512079254;1.322796375455909;494.408806458694
0.06290001000000077;1173.995071715176;1.323506980343302;489.2684246617528
0.06300001000000077;1157.735047117947;1.324212433562937;484.1773004634325
0.06310001000000078;1141.686772667319;1.324912762855087;479.1349858883872
0.06320001000000078;1125.847614763176;1.325607995876199;474.1410368960896
0.06330001000000078;1110.214971454233;1.326298160198532;469.1950133394102
0.06340001000000078;1094.786272071013;1.326983283309799;464.2964789482717
0.06350001000000079;1079.558976862916;1.327663392612834;459.445001292631
0.06360001000000079;1064.530576638873;1.328338515425249;454.6401517298186
0.06370001000000079;1049.69859241249;1.329008678979108;449.8815054008914
0.0638000100000008;1035.06057505076;1.329673910420617;445.1686411864128
0.0639000100000008;1020.614104926464;1.330334236809823;440.5011416787444
0.0640000100000008;1006.356791574726;1.330989685120318;435.8785931505158
0.0641000100000008;992.2862733531175;1.331640282238953;431.3005855117071
0.06420001000000081;978.4002171057114;1.332286054965552;426.7667122944488
0.06430001000000081;964.6963178308528;1.332927030012661;422.2765706297631
0.06440001000000081;951.1722983522458;1.333563234005292;417.8297611976338
0.06450001000000082;937.8259089939467;1.334194693480659;413.4258881932232
0.06460001000000082;924.6549272592117;1.33482143488794;409.0645593197189
0.06470001000000082;911.6571575125499;1.335443484588062;404.7453857655796
0.06480001000000082;898.8304306649106;1.336060868853469;400.4679821226156
0.06490001000000083;886.1726038636899;1.336673613867899;396.2319664165443
0.06500001000000083;873.6815601847189;1.337281745726196;392.0369600551508
0.06510001000000083;861.3552083285219;1.337885290434102;387.8825877848658
0.06520001000000084;849.191482319744;1.338484273908069;383.7684776840906
0.06530001000000084;837.1883412100551;1.339078721975077;379.6942611273179
0.06540001000000084;825.343768784164;1.339668660372466;375.6595727568709
0.06550001000000084;813.6557732692457;1.340254114747761;371.6640504478423
0.06560001000000085;802.1223870477461;1.340835110658524;367.7073353014795
0.06570001000000085;790.7416663731934;1.341411673572201;363.7890715963247
0.06580001000000085;779.5116910892181;1.341983828865979;359.9089067679944
0.06590001000000086;768.4305643518464;1.342551601826645;356.0664913820569
0.06600001000000086;757.4964123550326;1.343115017650461;352.2614791139088
0.06610001000000086;746.7073840589719;1.343674101443046;348.4935267151195
0.06620001000000086;736.0616509218013;1.344228878219265;344.7622939936548
0.06630001000000087;725.5574066337194;1.344779372903113;341.0674437674841
0.06640001000000087;715.1928668552441;1.345325610327613;337.408641871977
0.06650001000000087;704.9662689572118;1.345867615234737;333.7855571072094
0.06660001000000088;694.8758717645399;1.346405412275304;330.1978612255916
0.06670001000000088;684.9199553023009;1.346939026008909;326.6452288997974
0.06680001000000088;675.0968205454691;1.347468480903845;323.1273377039889
0.06690001000000088;665.404789170442;1.347993801337036;319.6438680822604
0.06700001000000089;655.8422033105518;1.348515011593973;316.1945033238745
0.06710001000000089;646.4074253133086;1.349032135868663;312.778929557498
0.06720001000000089;637.098837501171;1.349545198263579;309.3968356888539
0.0673000100000009;627.9148419346735;1.350054222789608;306.0479134142915
0.0674000100000009;618.8538601781671;1.350559233366029;302.731857183902
0.0675000100000009;609.9143330686965;1.351060253820473;299.4483641653759
0.0676000100000009;601.0947204868877;1.351557307888899;296.1971342387963
0.06770001000000091;592.3935011310003;1.352050419215562;292.9778699488492
0.06780001000000091;583.8091722935642;1.352539611353016;289.7902765297275
0.06790001000000091;575.3402496397829;1.353024907762098;286.6340618158448
0.06800001000000092;566.9852669895427;1.353506331811916;283.508936272944
0.06810001000000092;558.7427761012192;1.353983906779863;280.4146129571748
0.06820001000000092;550.611346458317;1.354457655851621;277.350807480922
0.06830001000000092;542.5895650582268;1.354927602121158;274.3172380022844
0.06840001000000093;534.6760362039983;1.355393768590759;271.3136252085358
0.06850001000000093;526.8693812977614;1.355856178171039;268.3396922768984
0.06860001000000093;519.1682386369498;1.356314853680976;265.3951648811625
0.06870001000000094;511.5712632130287;1.356769817847948;262.4797711359473
0.06880001000000094;504.0771265120675;1.357221093307749;259.5932415924146
0.06890001000000094;496.6845163180956;1.357668702604642;256.7353092224366
0.06900001000000094;489.3921365183327;1.35811266819141;253.9057093972492
0.06910001000000095;482.1987069109103;1.358553012429391;251.1041798338271
0.06920001000000095;475.102963014898;1.35898975758853;248.3304606287996
0.06930001000000095;468.1036558822901;1.359422925847457;245.5842942048525
0.06940001000000096;461.1995519121057;1.359852539293534;242.8654252799061
0.06950001000000096;454.3894326671694;1.360278619922915;240.1736008736975
0.06960001000000096;447.6720946923425;1.360701189640632;237.5085702820728
0.06970001000000096;441.0463493353844;1.361120270260668;234.8700850413424
0.06980001000000097;434.5110225693881;1.361535883506027;232.2578989243144
0.06990001000000097;428.0649548179277;1.361948051008817;229.6717679052134
0.07000001000000097;421.7070007818081;1.362356794310334;227.1114501608708
0.07010001000000098;415.4360292678305;1.362762134861164;224.5767060410316
0.07020001000000098;409.2509230194884;1.363164094021273;222.0672980492542
0.07030001000000098;403.1505785501199;1.3635626930601;219.5829908091276
0.07040001000000098;397.1339059775218;1.363957953156647;217.1235510755056
0.07050001000000099;391.1998288604941;1.364349895399604;214.6887476958339
0.07060001000000099;385.3472840378314;1.364738540787443;212.2783515967047
0.07070001000000099;379.5752214683263;1.36512391022854;209.8921357655464
0.070800010000001;373.8826040733099;1.365506024541275;207.5298752277047
0.070900010000001;368.2684075810906;1.36588490445416;205.1913470380757
0.071000010000001;362.7316203726302;1.366260570605955;202.8763302536931
0.071100010000001;357.2712433294801;1.366633043545797;200.5846059301778
0.07120001000000101;351.8862896834302;1.36700234373332;198.3159570714838
0.07130001000000101;346.5757848678596;1.367368491538788;196.0701686684186
0.07140001000000101;341.3387663707624;1.367731507243233;193.8470276164381
0.07150001000000102;336.1742835896889;1.368091411038584;191.6463227539683
0.07160001000000102;331.0813976880199;1.368448223027819;189.4678448176802
0.07170001000000102;326.0591814535325;1.368801963225089;187.3113864080519
0.07180001000000102;321.1067191581482;1.369152651555858;185.1767420176967
0.07190001000000103;316.2231064195601;1.369500307857069;183.0637079876902
0.07200001000000103;311.4074500641413;1.36984495187729;180.9720824913506
0.07210001000000103;306.6588679918178;1.370186603276856;178.9016655181524
0.07220001000000104;301.9764890426389;1.370525281628026;176.8522588663397
0.07230001000000104;297.3594528644643;1.370861006415157;174.8236661352812
0.07240001000000104;292.806909782438;1.371193797034843;172.8156926585432
0.07250001000000104;288.3180206704449;1.371523672796078;170.8281455649581
0.07260001000000105;283.8919568230834;1.371850652920438;168.8608337034672
0.07270001000000105;279.5278998301407;1.372174756542223;166.9135676449664
0.07280001000000105;275.2250414520012;1.37249600270865;164.986159691681
0.07290001000000106;270.9825834964228;1.37281441038001;163.0784238125178
0.07300001000000106;266.7997376975102;1.373129998429835;161.1901756693709
0.07310001000000106;262.6757255953744;1.373442785645087;159.3212325937373
0.07320001000000106;258.6097784172242;1.373752790726331;157.4714135559178
0.07330001000000107;254.6011369605792;1.374060032287916;155.6405391744045
0.07340001000000107;250.6490514768472;1.374364528858154;153.8284316696657
0.07350001000000107;246.7527815573874;1.374666298879494;152.0349148814578
0.07360001000000108;242.9115960199205;1.374965360708722;150.2598142387079
0.07370001000000108;239.1247727968829;1.375261732617137;148.5029567454913
0.07380001000000108;235.3915988250008;1.375555432790752;146.7641709746886
0.07390001000000108;231.71136993598;1.375846479330471;145.0432870388988
0.07400001000000109;228.0833907488746;1.37613489025229;143.3401365993977
0.07410001000000109;224.5069745630694;1.376420683487483;141.6545528224607
0.07420001000000109;220.9814432534698;1.376703876882799;139.9863703958189
0.0743000100000011;217.5061271660042;1.376984488200664;138.3354255002194
0.0744000100000011;214.080365015013;1.377262535119381;136.7015557962215
0.0745000100000011;210.7035037814918;1.377538035233322;135.0846004111041
0.0746000100000011;207.3748986129013;1.377811006053131;133.4843999258858
0.07470001000000111;204.0939127237228;1.378081465005938;131.9007963765369
0.07480001000000111;200.8599172975487;1.378349429435541;130.333633198746
0.07490001000000111;197.6722913901665;1.37861491660263;128.7827552856863
0.07500001000000112;194.530421833873;1.378877943685002;127.2480089050596
0.07510001000000112;191.433703143019;1.379138527777747;125.7292417218689
0.07520001000000112;188.3815374202556;1.379396685893457;124.2263027722837
0.07530001000000112;185.3733342646465;1.379652434962451;122.7390424852434
0.07540001000000113;182.4085106799637;1.379905791833008;121.2673126293142
0.07550001000000113;179.4864909848193;1.380156773271533;119.8109662946135
0.07560001000000113;176.6067067237794;1.380405395962781;118.3698579210029
0.07570001000000114;173.7685965791339;1.380651676510104;116.9438432854781
0.07580001000000114;170.9716062837279;1.380895631435644;115.5327794252174
0.07590001000000114;168.2151885356156;1.381137277180547;114.1365247173197
0.07600001000000114;165.4988029127137;1.381376630105199;112.7549387893678
0.07610001000000115;162.8219157891006;1.381613706489437;111.38788257222
0.07620001000000115;160.1840002521533;1.381848522532765;110.0352182125403
0.07630001000000115;157.5845360207547;1.382081094354563;108.6968091438235
0.07640001000000116;155.0230093643214;1.382311437994342;107.3725200307808
0.07650001000000116;152.4989130227333;1.382539569411946;106.062216746398
0.07660001000000116;150.0117461276563;1.382765504487773;104.7657663979849
0.07670001000000116;147.5610141245062;1.382989259023005;103.4830372856474
0.07680001000000117;145.1462286950033;1.383210848739833;102.2138989098584
0.07690001000000117;142.7669076814218;1.383430289281695;100.95822196056
0.07700001000000117;140.4225750111847;1.383647596213483;99.71587827714846
0.07710001000000118;138.1127606224377;1.383862785021782;98.48674089112303
0.07720001000000118;135.837000390711;1.384075871115098;97.27068395703449
0.07730001000000118;133.5948360563298;1.384286869824075;96.0675827889841
0.07740001000000118;131.3858151526881;1.38449579640175;94.87731383274897
0.07750001000000119;129.2094909353211;1.384702666023749;93.69975462764398
0.07760001000000119;127.0654223122811;1.384907493788549;92.53478387547909
0.07770001000000119;124.9531737744381;1.385110294717697;91.38228131827778
0.0778000100000012;122.8723153276525;1.385311083756023;90.24212782935612
0.0779000100000012;120.8224224249865;1.385509875771906;89.11420535856935
0.0780000100000012;118.8030759001121;1.385706685557496;87.998396912104
0.0781000100000012;116.8138619013951;1.385901527828928;86.89458656487014
0.07820001000000121;114.8543718270077;1.386094417226566;85.80265944017683
0.07830001000000121;112.9242022602193;1.386285368315237;84.72250171099107
0.07840001000000121;111.0229549064182;1.386474395584486;83.65400059035086
0.07850001000000122;109.1502365295895;1.386661513448786;82.59704429094718
0.07860001000000122;107.3056588910822;1.38684673624777;81.55152205788768
0.07870001000000122;105.4888386879401;1.387030078246492;80.51732414878182
0.07880001000000122;103.6993974922144;1.387211553635647;79.49434179434226
0.07890001000000123;101.9369616915723;1.387391176531784;78.48246722036932
0.07900001000000123;100.2011624301576;1.387568960977578;77.48159364851159
0.07910001000000123;98.49163554994763;1.387744920942054;76.49161524764931
0.07920001000000124;96.80802153315213;1.387919070320821;75.51242716503265
0.07930001000000124;95.1499654455107;1.388091422936314;74.54392548811163
0.07940001000000124;93.51711687973867;1.388261992538027;73.58600725564759
0.07950001000000124;91.90912989997392;1.388430792802744;72.63857043006495
0.07960001000000125;90.32566298699507;1.388597837334785;71.70151391774755
0.07970001000000125;88.76637898388557;1.388763139666247;70.77473753215932
0.07980001000000125;87.23094504235776;1.388926713257231;69.85814199536229
0.07990001000000126;85.71903256972436;1.389088571496093;68.95162894825101
0.08000001000000126;84.23031717680365;1.38924872769967;68.05510089650646
0.08010001000000126;82.76447862605856;1.389407195113506;67.1684612487752
0.08020001000000127;81.32120078055397;1.389563986912123;66.29161430804488
0.08030001000000127;79.9001715535275;1.389719116199244;65.42446521017303
0.08040001000000127;78.50108285857313;1.38987259600801;64.56691997895334
0.08050001000000127;77.12363056032322;1.390024439301232;63.71888547398304
0.08060001000000128;75.7675144260091;1.390174658971644;62.88026943540779
0.08070001000000128;74.43243807704469;1.390323267842151;62.05098041528879
0.08080001000000128;73.11810894166572;1.390470278666015;61.23092777974488
0.08090001000000129;71.82423820848942;1.390615704127131;60.4200217692437
0.08100001000000129;70.55054077937559;1.390759556840264;59.61817338955473
0.08110001000000129;69.2967352244668;1.390901849351258;58.82529448068317
0.08120001000000129;68.06254373643789;1.39104259413732;58.04129770042424
0.0813000100000013;66.84769208591564;1.39118180360722;57.26609645193708
0.0814000100000013;65.65190957760804;1.391319490101527;56.49960497484569
0.0815000100000013;64.47492900627547;1.391455665892889;55.74173827264009
0.08160001000000131;63.31648661408047;1.391590343186225;54.99241210645175
0.08170001000000131;62.17632204770332;1.39172353411897;54.25154302001444
0.08180001000000131;61.05417831678866;1.391855250761328;53.51904831669174
0.08190001000000131;59.94980175176362;1.391985505116494;52.79484603741464
0.08200001000000132;58.86294196345077;1.392114309120886;52.07885498496498
0.08210001000000132;57.79335180205175;1.39224167464441;51.37099470160575
0.08220001000000132;56.74078731756933;1.392367613490663;50.67118544016482
0.08230001000000133;55.70500771978075;1.392492137397186;49.97934821010558
0.08240001000000133;54.68577533960841;1.392615258035697;49.29540471124823
0.08250001000000133;53.68285559020421;1.392736987012313;48.61927737210003
0.08260001000000133;52.69601692909867;1.3928573358678;47.95088932128822
0.08270001000000134;51.72503082043591;1.392976316077797;47.29016438866616
0.08280001000000134;50.76967169759699;1.393093939053059;46.6370270990347
0.08290001000000134;49.82971692684806;1.393210216139706;45.99140267986341
0.08300001000000135;48.90494677042996;1.393325158619417;45.35321698538706
0.08310001000000135;47.99514435151031;1.393438777709694;44.7223966299503
0.08320001000000135;47.10009561786794;1.39355108456409;44.09886880179459
0.08330001000000135;46.21958930756117;1.393662090272406;43.48256142271531
0.08340001000000136;45.35341691429505;1.393771805861001;42.87340305906744
0.08350001000000136;44.50137265256019;1.393880242292959;42.27132289012036
0.08360001000000136;43.66325342492157;1.393987410468314;41.6762507693544
0.08370001000000137;42.83885878823241;1.394093321224329;41.08811720445553
0.08380001000000137;42.02799092027851;1.394197985335711;40.50685329967902
0.08390001000000137;41.230454588109;1.394301413514806;39.93239080272956
0.08400001000000137;40.44605711521407;1.394403616411871;39.36466209846981
0.08410001000000138;39.67460834999059;1.394504604615298;38.80360016533574
0.08420001000000138;38.91592063470568;1.394604388651831;38.2491386079509
0.08430001000000138;38.16980877397732;1.394702978986801;37.70121162656412
0.08440001000000139;37.43609000461213;1.394800386024334;37.15975401214971
0.08450001000000139;36.71458396531972;1.394896620107602;36.62470117748493
0.08460001000000139;36.00511266656078;1.394991691519057;36.09598910312432
0.08470001000000139;35.30750046157914;1.395085610480636;35.57355435670318
0.0848000100000014;34.62157401674097;1.395178387154;35.0573340876221
0.0849000100000014;33.94716228314988;1.395270031640764;34.54726602177717
0.0850000100000014;33.28409646781552;1.395360553982703;34.04328843351454
0.08510001000000141;32.63221000628152;1.39544996416199;33.54534018676424
0.08520001000000141;31.99133853403983;1.395538272101427;33.05336068402872
0.08530001000000141;31.36131985971751;1.395625487664653;32.56728988455032
0.08540001000000141;30.74199393782275;1.395711620656388;32.08706831021927
0.08550001000000142;30.1332028418281;1.395796680822643;31.61263699657171
0.08560001000000142;29.53479073810528;1.395880677850935;31.14393754320394
0.08570001000000142;28.94660385974768;1.395963621370537;30.68091207581924
0.08580001000000143;28.36849048051752;1.396045520952668;30.22350323133116
0.08590001000000143;27.80030088981406;1.396126386110739;29.77165420623756
0.08600001000000143;27.24188736723541;1.396206226300559;29.32530866758606
0.08610001000000143;26.69310415776069;1.396285050920522;28.88441082239245
0.08620001000000144;26.1538074474133;1.396362869311887;28.44890540172971
0.08630001000000144;25.62385533892806;1.396439690758991;28.01873762545384
0.08640001000000144;25.10310782744238;1.39651552448944;27.59385320848706
0.08650001000000145;24.59142677750632;1.39659037967433;27.17419836651422
0.08660001000000145;24.0886758993419;1.396664265428458;26.75971980167175
0.08670001000000145;23.59472072567707;1.396737190810548;26.35036470811059
0.08680001000000145;23.10942858930458;1.396809164823488;25.94608077699582
0.08690001000000146;22.63266860010932;1.396880196414538;25.54681615384839
0.08700001000000146;22.16431162326084;1.396950294475503;25.15251945421912
0.08710001000000146;21.70423025713626;1.397019467842993;24.76313979666753
0.08720001000000147;21.25229881117516;1.397087725298625;24.37862672388054
0.08730001000000147;20.8083932851929;1.397155075569201;23.99893025494864
0.08740001000000147;20.37239134791863;1.397221527326986;23.62400089845739
0.08750001000000147;19.94417231548159;1.39728708918989;23.25378955831298
0.08760001000000148;19.52361713163333;1.397351769721666;22.88824763785268
0.08770001000000148;19.1106083468928;1.397415577432141;22.52732694666888
0.08780001000000148;18.70503009844214;1.397478520777395;22.17097975017484
0.08790001000000149;18.30676809025678;1.397540608159988;21.81915874803192
0.08800001000000149;17.9157095734752;1.397601847929183;21.47181708727066
0.08810001000000149;17.53174332670302;1.397662248381156;21.12890832455527
0.08820001000000149;17.15475963731027;1.397721817759192;20.79038645632742
0.0883000100000015;16.78465028190618;1.39778056425389;20.4562058818449
0.0884000100000015;16.42130850823269;1.397838496003344;20.12632141658717
0.0885000100000015;16.06462901624965;1.397895621093388;19.80068832052199
0.08860001000000151;15.71450793974612;1.397951947557801;19.47926222996843
0.08870001000000151;15.37084282874024;1.398007483378509;19.16199921807542
0.08880001000000151;15.03353263137897;1.398062236485784;18.84885572812617
0.08890001000000151;14.70247767621222;1.398116214758426;18.53978861746932
0.08900001000000152;14.37757965508037;1.398169426023966;18.234755123178
0.08910001000000152;14.05874160606587;1.398221878058888;17.93371290415996
0.08920001000000152;13.74586789612063;1.398273578588872;17.63662000671605
0.08930001000000153;13.43886420418286;1.398324535288937;17.34343481757016
0.08940001000000153;13.13763750526487;1.398374755783635;17.0541161493717
0.08950001000000153;12.84209605357;1.398424247647278;16.76862316382803
0.08960001000000153;12.5521493667074;1.398473018404119;16.48691541227913
0.08970001000000154;12.26770820934662;1.398521075528571;16.20895281775463
0.08980001000000154;11.9886845776882;1.398568426445388;15.93469565801722
0.08990001000000154;11.71499168411042;1.39861507852989;15.66410460396017
0.09000001000000155;11.44654394117152;1.398661039108118;15.39714063422913
0.09010001000000155;11.18325694722196;1.398706315457059;15.13376515478365
0.09020001000000155;10.92504747055067;1.398750914804844;14.87393986056627
0.09030001000000155;10.67183343523218;1.398794844330891;14.61762682712322
0.09040001000000156;10.42353390632771;1.398838111166165;14.36478849316614
0.09050001000000156;10.18006907527415;1.398880722393356;14.1153876187137
0.09060001000000156;9.941360245782137;1.398922685047028;13.86938729608828
0.09070001000000157;9.707329819681357;1.398964006113832;13.6267509848028
0.09080001000000157;9.477901282933821;1.399004692532765;13.38744249484762
0.09090001000000157;9.252999191512144;1.399044751195281;13.15142589829073
0.09100001000000157;9.032549158791239;1.399084188945464;12.91866566218489
0.09110001000000158;8.816477841326158;1.399123012580259;12.689126535688
0.09120001000000158;8.604712925741664;1.399161228849697;12.46277366673421
0.09130001000000158;8.397183115562878;1.39919884445703;12.2395724103461
0.09140001000000159;8.193818118802429;1.399235866058895;12.01948853787524
0.09150001000000159;7.994548634323845;1.399272300265583;11.80248809346134
0.09160001000000159;7.799306340103117;1.399308153641169;11.58853743843576
0.09170001000000159;7.608023880111194;1.399343432703713;11.37760324848109
0.0918000100000016;7.42063485211168;1.399378143925395;11.16965246740088
0.0919000100000016;7.237073796135998;1.399412293732745;10.96465241418058
0.0920000100000016;7.057276181469621;1.399445888506878;10.76257067032825
0.09210001000000161;6.881178395417725;1.399478934583598;10.5633751006731
0.09220001000000161;6.70871773165501;1.399511438253559;10.36703387255959
0.09230001000000161;6.539832378371996;1.399543405762507;10.17351547348268
0.09240001000000161;6.374461406906291;1.399574843311473;9.982788666792807
0.09250001000000162;6.212544760347261;1.399605757056914;9.794822490267009
0.09260001000000162;6.054023242602702;1.399636153110881;9.609586274302149
0.09270001000000162;5.898838507263616;1.399666037541221;9.42704963921598
0.09280001000000163;5.746933046918892;1.399695416371777;9.247182492568445
0.09290001000000163;5.598250181818234;1.399724295582557;9.069955007611878
0.09300001000000163;5.452734050065906;1.399752681109818;8.895337584573378
0.09310001000000163;5.310329596844452;1.399780578846356;8.723301017292917
0.09320001000000164;5.170982563469873;1.399807994641678;8.553816247191445
0.09330001000000164;5.034639478227533;1.399834934302084;8.386854548334979
0.09340001000000164;4.901247645381543;1.399861403590904;8.222387432771898
0.09350001000000165;4.770755135498037;1.399887408228696;8.060386720130657
0.09360001000000165;4.643110775717026;1.399912953893421;7.900824446555686
0.09370001000000165;4.518264139869514;1.399938046220505;7.743672882606323
0.09380001000000165;4.396165539117911;1.399962690803099;7.588904633589865
0.09390001000000166;4.276766012019795;1.399986893192256;7.436492483520579
0.09400001000000166;4.160017315530347;1.400010658897078;7.286409528799879
0.09410001000000166;4.045871915559496;1.400033993384922;7.138629075694555
0.09420001000000167;3.934282977662332;1.400056902081496;6.993124672894779
0.09430001000000167;3.825204358584321;1.400079390371066;6.849870141392692
0.09440001000000167;3.718590596769546;1.40010146359666;6.708839539962809
0.09450001000000167;3.614396903616882;1.400123127060147;6.570007118021829
0.09460001000000168;3.512579155308516;1.400144386022468;6.433347452582207
0.09470001000000168;3.413093883291553;1.400165245703865;6.298835307117503
0.09480001000000168;3.315898266540411;1.400185711283894;6.16644563328497
0.09490001000000169;3.22095012307367;1.400205787901676;6.036153716542931
0.09500001000000169;3.128207901114962;1.400225480656088;5.907934982934788
0.09510001000000169;3.037630671715919;1.400244794605844;5.781765129685039
0.09520001000000169;2.949178120006689;1.400263734769712;5.657620065496011
0.0953000100000017;2.862810537855788;1.400282306126672;5.535475937245353
0.0954000100000017;2.778488815019111;1.400300513616062;5.415309087312906
0.0955000100000017;2.696174432690763;1.400318362137718;5.297096093635159
0.09560001000000171;2.61582945453634;1.400335856552228;5.180813793205178
0.09570001000000171;2.537416519676229;1.400353001681019;5.066439149547645
0.09580001000000171;2.460898835530693;1.400369802306473;4.953949409355635
0.09590001000000171;2.386240169752776;1.400386263172153;4.843321996703795
0.09600001000000172;2.31340484305496;1.400402388982922;4.734534563305217
0.09610001000000172;2.242357722464466;1.400418184405167;4.627564985997929
0.09620001000000172;2.173064213538542;1.400433654066886;4.522391292989934
0.09630001000000173;2.105490253957914;1.400448802557826;4.418991760399837
0.09640001000000173;2.039602306088717;1.400463634429743;4.317344884869973
0.09650001000000173;1.975367349833465;1.400478154196459;4.217429290371585
0.09660001000000173;1.91275287693227;1.400492366334047;4.119223889030717
0.09670001000000174;1.851726883082519;1.400506275280974;4.022707697523304
0.09680001000000174;1.792257862193699;1.400519885438249;3.927860016253332
0.09690001000000174;1.734314799025781;1.400533201169648;3.834660293903517
0.09700001000000175;1.677867163543594;1.400546226801749;3.743088150977079
0.09710001000000175;1.622884904039963;1.400558966624202;3.653123483599856
0.09720001000000175;1.569338440654789;1.400571424889772;3.564746232938079
0.09730001000000175;1.517198660038187;1.400583605814501;3.477936675045645
0.09740001000000176;1.466436908221845;1.40059551357794;3.392675172975191
0.09750001000000176;1.417024985235379;1.400607152323241;3.308942338266575
0.09760001000000176;1.368935138445425;1.400618526157326;3.226718911245453
0.09770001000000177;1.322140057125095;1.400629639151053;3.145985876653725
0.09780001000000177;1.276612866484595;1.400640495339259;3.066724274452479
0.09790001000000177;1.232327122058414;1.400651098720934;2.988915461955406
0.09800001000000177;1.189256803838904;1.400661453259529;2.91254092458239
0.09810001000000178;1.147376310249987;1.400671562882948;2.837582279314638
0.09820001000000178;1.106660453453713;1.400681431483727;2.764021380622292
0.09830001000000178;1.067084453149415;1.400691062919162;2.691840180166257
0.09840001000000179;1.028623931463803;1.400700461011445;2.62102086499875
0.09850001000000179;0.9912549073725389;1.400709629547911;2.551545786834789
0.09860001000000179;0.9549537914287263;1.400718572281062;2.483397398400777
0.09870001000000179;0.919697380994546;1.400727292928712;2.416558384289715
0.0988000100000018;0.8854628545722071;1.400735795174191;2.351011562948134
0.0989000100000018;0.852227766672028;1.400744082666445;2.286739919498383
0.0990000100000018;0.8199700431444741;1.400752159020247;2.223726635068941
0.09910001000000181;0.7886679760965895;1.400760027816249;2.161954967545988
0.09920001000000181;0.7583002186715256;1.400767692601154;2.101408430400975
0.09930001000000181;0.7288457804667785;1.400775156887888;2.042070616288384
0.09940001000000181;0.7002840225967571;1.400782424155675;1.983925314292351
0.09950001000000182;0.6725946535487479;1.400789497850222;1.926956452807802
0.09960001000000182;0.6457577233411737;1.400796381383861;1.871148127837458
0.09970001000000182;0.6197536200166766;1.400803078135691;1.816484576329434
0.09980001000000183;0.5945630644477632;1.400809591451596;1.762950127173062
0.09990001000000183;0.5701671066383682;1.400815924644543;1.710529406545769
0.1000000100000018;0.5465471195458464;1.400822080994751;1.659207056447795
0.1001000100000018;0.5236847966557927;1.400828063749592;1.608967867795152
0.1002000100000018;0.5015621465772752;1.400833876123913;1.559796874944422
0.1003000100000018;0.4801614890311672;1.400839521300182;1.511679163953662
0.1004000100000018;0.4594654502326087;1.400845002428472;1.464599972765657
0.1005000100000018;0.4394569595347872;1.400850322626798;1.418544779599313
0.1006000100000018;0.4201192441963627;1.400855484981124;1.373499036623514
0.1007000100000019;0.4014358263571576;1.400860492545466;1.329448483045969
0.1008000100000019;0.3833905184390299;1.400865348342099;1.286378884976637
0.1009000100000019;0.3659674194869519;1.400870055361671;1.244276250148437
0.1010000100000019;0.3491509106339608;1.40087461656343;1.203126661646874
0.1011000100000019;0.3329256517176165;1.400879034875218;1.162916325036745
0.1012000100000019;0.3172765773173669;1.400883313193641;1.123631609828949
0.1013000100000019;0.3021888930464747;1.400887454384249;1.085259012140927
0.1014000100000019;0.2876480715888977;1.40089146128159;1.047785122332715
0.1015000100000019;0.2736398492352169;1.40089533668935;1.011196702390093
0.1016000100000019;0.2601502228279279;1.400899083380645;0.9754806845998122
0.1017000100000019;0.2471654439025449;1.400902704098054;0.940624036717283
0.1018000100000019;0.234672018175703;1.40090620155362;0.9066138741989755
0.1019000100000019;0.2226566998950187;1.400909578429182;0.8734375255956327
0.1020000100000019;0.2111064887100421;1.400912837376422;0.841082309657387
0.1021000100000019;0.2000086269140027;1.400915981016985;0.809535797767177
0.1022000100000019;0.1893505955290342;1.400919011942802;0.7787856562173818
0.1023000100000019;0.179120110826843;1.400921932715916;0.7488195400910362
0.1024000100000019;0.1693051214016882;1.400924745868684;0.7196253950926664
0.1025000100000019;0.159893804904785;1.400927453904115;0.6911912250820899
0.1026000100000019;0.150874564054667;1.400930059295795;0.6635051063729587
0.1027000100000019;0.1422360247382192;1.400932564488263;0.6365554068238048
0.1028000100000019;0.133967030834524;1.400934971897013;0.6103303701517212
0.1029000100000019;0.1260566435067254;1.400937283908525;0.5848185452170255
0.1030000100000019;0.1184941359316989;1.400939502880548;0.5600084861385278
0.1031000100000019;0.1112689919340442;1.400941631142217;0.5358889601968504
0.1032000100000019;0.1043709015978608;1.400943670994208;0.5124487661485301
0.1033000100000019;0.09778975955708717;1.400945624708772;0.4896768431021665
0.1034000100000019;0.09151566075685316;1.400947494529992;0.4675622786092846
0.1035000100000019;0.08553889787010065;1.400949282674072;0.4460943159392991
0.1036000100000019;0.07984995903197668;1.40095099132928;0.4252621641142237
0.1037000100000019;0.07443952411826381;1.400952622656035;0.4050552630892156
0.1038000100000019;0.06929846285224629;1.400954178787224;0.3854631343001399
0.1039000100000019;0.06441783075092158;1.400955661828419;0.3664754733493925
0.1040000100000019;0.05978886683815843;1.40095707385788;0.3480819516482216
0.1041000100000019;0.05540299153035731;1.400958416926786;0.3302725242060861
0.104200010000002;0.05125180244458657;1.400959693059548;0.3130371663565162
0.104300010000002;0.04732707303976015;1.400960904253693;0.2963659119886715
0.104400010000002;0.04362074957469696;1.400962052480236;0.2802490675347923
0.104500010000002;0.04012494775238866;1.400963139683812;0.2646768677133302
0.104600010000002;0.0368319499281913;1.400964167783013;0.2496399249889677
0.104700010000002;0.03373420354980582;1.400965138670535;0.2351286844007625
0.104800010000002;0.03082431746813185;1.40096605421314;0.221133868596788
0.104900010000002;0.02809505912306054;1.400966916252329;0.2076463907954285
0.105000010000002;0.02553935245492481;1.400967726604248;0.1946570566682629
0.105100010000002;0.0231502754948232;1.400968487060005;0.1821570618362734
0.105200010000002;0.02092105686019464;1.400969199385948;0.1701374791926585
0.105300010000002;0.0188450733997165;1.400969865323979;0.1585897796191655
0.105400010000002;0.01691584683677286;1.400970486591989;0.1475053754296212
0.105500010000002;0.01512704212335362;1.400971064883924;0.1368758859847913
0.105600010000002;0.01347246314403532;1.400971601870238;0.1266930682735303
0.105700010000002;0.01194605225734894;1.400972099198152;0.1169487827164017
0.105800010000002;0.01054188480059952;1.400972558492487;0.1076353054449554
0.105900010000002;0.009254166011118248;1.400972981356033;0.09874479252311069
0.106000010000002;0.00807722997117034;1.400973369369524;0.0902696110661361
0.106100010000002;0.007005535282563969;1.400973724092833;0.08220260845179249
0.106200010000002;0.006033661077789125;1.400974047065549;0.07453653398773324
0.106300010000002;0.005156303591465908;1.400974339807405;0.06726454137240663
0.106400010000002;0.00436827360085357;1.400974603819497;0.06038006638297309
0.106500010000002;0.003664489660685452;1.400974840585249;0.05387682103855994
0.106600010000002;0.003039975788375536;1.400975051571423;0.04774881700441739
0.106700010000002;0.002489854027772001;1.40097523822978;0.041990646181219
0.106800010000002;0.002009341051317301;1.400975401998581;0.03659711964655329
0.106900010000002;0.001593740094763284;1.400975544305277;0.03156418816273414
0.107000010000002;0.001238429241182908;1.400975666568274;0.02688756890083424
0.107100010000002;0.0009388629478290253;1.400975770201367;0.02256538015609892
0.107200010000002;0.0006905451778320542;1.400975856617585;0.01859521219141913
0.107300010000002;0.0004890281592021316;1.400975927235911;0.01497839944092124
0.107400010000002;0.0003298847269614183;1.400975983491149;0.01171721461665704
0.107500010000002;0.0002086829187517877;1.400976026847569;0.008819417875225248
0.107600010000002;0.0001209557943447668;1.400976058823022;0.006298599297921578
0.1077000100000021;6.217476041461903e-05;1.400976081040387;0.004186616478852558
0.1078000100000021;2.780724508975348e-05;1.400976095364294;0.002561082243064095
0.1079000100000021;1.236940094460236e-05;1.40097610414096;0.001565761326221325
0.1080000100000021;2.948697687173357e-06;1.400976108877461;0.0006575911535379051
