0.03;1.99450001;0.20047191695
0.001;2.90030001;0.0843740501813
0.00149494949495;2.78170001;0.0942669063016
0.0019898989899;2.69930001;0.101901889544
0.00248484848485;2.63660001;0.108188430378
0.0029797979798;2.58600001;0.113566193864
0.00347474747475;2.54370001;0.118284566422
0.0039696969697;2.50740001;0.122499942154
0.00446464646465;2.47560001;0.126317306239
0.0049595959596;2.44740001;0.129811063512
0.00545454545455;2.42220001;0.133035844829
0.00594949494949;2.39910001;0.136033009462
0.00644444444444;2.37810001;0.138834912433
0.00693939393939;2.35870001;0.141467188055
0.00743434343434;2.34080001;0.14395055998
0.00792929292929;2.32410001;0.146302084279
0.00842424242424;2.30850001;0.148535956481
0.00891919191919;2.29380001;0.150664085356
0.00941414141414;2.27990001;0.152696612655
0.00990909090909;2.26690001;0.154642339491
0.010404040404;2.25440001;0.15650866834
0.010898989899;2.24270001;0.158302277954
0.0113939393939;2.23150001;0.160028869064
0.0118888888889;2.22070001;0.161693551036
0.0123838383838;2.21050001;0.163300811225
0.0128787878788;2.20060001;0.164854662084
0.0133737373737;2.19120001;0.16635871368
0.0138686868687;2.18210001;0.167816209212
0.0143636363636;2.17340001;0.169230055562
0.0148585858586;2.16500001;0.17060287054
0.0153535353535;2.15680001;0.171937092308
0.0158484848485;2.14900001;0.173234911288
0.0163434343434;2.14140001;0.174498353077
0.0168383838384;2.13400001;0.175729197568
0.0173333333333;2.12690001;0.176929214565
0.0178282828283;2.12000001;0.178099895278
0.0183232323232;2.11330001;0.179242728798
0.0188181818182;2.10680001;0.180359010406
0.0193131313131;2.10050001;0.18145003788
0.0198080808081;2.09420001;0.182516878781
0.020303030303;2.08830001;0.183560679146
0.020797979798;2.08240001;0.184582401537
0.0212929292929;2.07670001;0.185582982157
0.0217878787879;2.07110001;0.18656333203
0.0222828282828;2.06570001;0.187524214652
0.0227777777778;2.06040001;0.188466455076
0.0232727272727;2.05520001;0.189390739114
0.0237676767677;2.05020001;0.190297757948
0.0242626262626;2.04520001;0.191188176429
0.0247575757576;2.04030001;0.192062559605
0.0252525252525;2.03560001;0.192921537102
0.0257474747475;2.03090001;0.19376560814
0.0262424242424;2.02630001;0.194595299462
0.0267373737374;2.02190001;0.195411093668
0.0272323232323;2.01750001;0.196213437081
0.0277272727273;2.01330001;0.197002809769
0.0282222222222;2.00890001;0.197779594412
0.0287171717172;2.00490001;0.198544203398
0.0292121212121;2.00080001;0.199297021843
0.0297070707071;1.99680001;0.200038388745
0.030202020202;1.99290001;0.200768674345
0.030696969697;1.98910001;0.201488155346
0.0311919191919;1.98530001;0.20219719699
0.0316868686869;1.98150001;0.202896087144
0.0321818181818;1.97790001;0.203585105677
0.0326767676768;1.97430001;0.204264533366
0.0331717171717;1.97070001;0.204934598539
0.0336666666667;1.96720001;0.205595630069
0.0341616161616;1.96380001;0.206247783816
0.0346565656566;1.96040001;0.206891341551
0.0351515151515;1.95700001;0.207526504916
0.0356464646465;1.95370001;0.20815351733
0.0361414141414;1.95060001;0.20877256098
0.0366363636364;1.94740001;0.209383832462
0.0371313131313;1.94420001;0.209987522476
0.0376262626263;1.94110001;0.210583843385
0.0381212121212;1.93800001;0.211172905419
0.0386161616162;1.93500001;0.211754968228
0.0391111111111;1.93210001;0.212330144991
0.0396060606061;1.92920001;0.212898577757
0.040101010101;1.92630001;0.213460449954
0.040595959596;1.92340001;0.214015895243
0.0410909090909;1.92050001;0.214565057888
0.0415858585859;1.91780001;0.215108107065
0.0420808080808;1.91500001;0.215645119794
0.0425757575758;1.91240001;0.216176265911
0.0430707070707;1.90970001;0.216701668261
0.0435656565657;1.90700001;0.217221407661
0.0440606060606;1.90440001;0.217735662853
0.0445555555556;1.90180001;0.218244505566
0.0450505050505;1.89920001;0.218748034404
0.0455454545455;1.89670001;0.219246397741
0.0460404040404;1.89420001;0.219739679866
0.0465353535354;1.89170001;0.220227969631
0.0470303030303;1.88930001;0.220711392846
0.0475252525253;1.88690001;0.221190002223
0.0480202020202;1.88450001;0.221663922859
0.0485151515152;1.88210001;0.222133222469
0.0490101010101;1.87980001;0.222598010267
0.0495050505051;1.87750001;0.223058356005
0.05;1.87520001;0.223514334762
0.0505050505051;1.87290001;0.223975217154
0.0510101010101;1.87060001;0.224431695076
0.0515151515152;1.86830001;0.224883900096
0.0520202020202;1.86610001;0.225331894532
0.0525252525253;1.86390001;0.225775746224
0.0530303030303;1.86170001;0.226215521342
0.0535353535354;1.85950001;0.226651294893
0.0540404040404;1.85740001;0.227083185917
0.0545454545455;1.85520001;0.227511147873
0.0550505050505;1.85320001;0.227935350111
0.0555555555556;1.85110001;0.228355829258
0.0560606060606;1.84900001;0.228772625966
0.0565656565657;1.84690001;0.229185819436
0.0570707070707;1.84490001;0.22959547151
0.0575757575758;1.84290001;0.230001637885
0.0580808080808;1.84090001;0.230404355385
0.0585858585859;1.83900001;0.230803732433
0.0590909090909;1.83700001;0.231199730405
0.059595959596;1.83500001;0.231592487636
0.060101010101;1.83310001;0.231982032014
0.0606060606061;1.83130001;0.232368418118
0.0611111111111;1.82940001;0.232751661136
0.0616161616162;1.82750001;0.233131836666
0.0621212121212;1.82560001;0.23350898021
0.0626262626263;1.82380001;0.233883165747
0.0631313131313;1.82200001;0.234254401643
0.0636363636364;1.82020001;0.234622743181
0.0641414141414;1.81840001;0.234988243069
0.0646464646465;1.81660001;0.235350913332
0.0651515151515;1.81480001;0.235710831392
0.0656565656566;1.81310001;0.236068016224
0.0661616161616;1.81140001;0.236422529867
0.0666666666667;1.80970001;0.236774393574
0.0671717171717;1.80800001;0.23712364043
0.0676767676768;1.80630001;0.237470314146
0.0681818181818;1.80460001;0.237814436113
0.0686868686869;1.80300001;0.238156058589
0.0691919191919;1.80130001;0.238495189562
0.069696969697;1.79960001;0.238831897932
0.070202020202;1.79800001;0.239166214849
0.0707070707071;1.79640001;0.239498148339
0.0712121212121;1.79480001;0.239827756386
0.0717171717172;1.79320001;0.240155024455
0.0722222222222;1.79170001;0.240480053197
0.0727272727273;1.79010001;0.240802800911
0.0732323232323;1.78850001;0.241123340707
0.0737373737374;1.78700001;0.241441687283
0.0742424242424;1.78550001;0.241757876258
0.0747474747475;1.78390001;0.242071908159
0.0752525252525;1.78240001;0.24238385659
0.0757575757576;1.78100001;0.242693716247
0.0762626262626;1.77950001;0.243001512098
0.0767676767677;1.77790001;0.243307275783
0.0772727272727;1.77650001;0.243611032736
0.0777777777778;1.77510001;0.243912830725
0.0782828282828;1.77360001;0.244212634956
0.0787878787879;1.77220001;0.24451053436
0.0792929292929;1.77070001;0.244806503253
0.079797979798;1.76930001;0.245100594827
0.080303030303;1.76790001;0.245392824666
0.0808080808081;1.76650001;0.24568319944
0.0813131313131;1.76510001;0.245971753614
0.0818181818182;1.76370001;0.246258531926
0.0823232323232;1.76240001;0.246543511849
0.0828282828283;1.76100001;0.246826725227
0.0833333333333;1.75970001;0.247108218352
0.0838383838384;1.75830001;0.247387974696
0.0843434343434;1.75700001;0.247666033796
0.0848484848485;1.75560001;0.247942414266
0.0853535353535;1.75430001;0.24821713728
0.0858585858586;1.75300001;0.248490214186
0.0863636363636;1.75180001;0.248761680646
0.0868686868687;1.75040001;0.249031519374
0.0873737373737;1.74910001;0.249299783154
0.0878787878788;1.74780001;0.24956646355
0.0883838383838;1.74660001;0.249831589631
0.0888888888889;1.74530001;0.250095193001
0.0893939393939;1.74410001;0.250357266398
0.089898989899;1.74280001;0.25061781806
0.090404040404;1.74160001;0.250876909592
0.0909090909091;1.74030001;0.251134495425
0.0914141414141;1.73910001;0.251390633068
0.0919191919192;1.73790001;0.251645339792
0.0924242424242;1.73670001;0.251898615406
0.0929292929293;1.73550001;0.252150475769
0.0934343434343;1.73430001;0.252400922691
0.0939393939394;1.73310001;0.252650001937
0.0944444444444;1.73190001;0.252897695718
0.0949494949495;1.73070001;0.253144050746
0.0954545454545;1.72960001;0.253389038452
0.0959595959596;1.72840001;0.253632723952
0.0964646464646;1.72730001;0.25387508683
0.0969696969697;1.72610001;0.254116131058
0.0974747474747;1.72490001;0.25435588675
0.0979797979798;1.72390001;0.254594373938
0.0984848484848;1.72260001;0.254831571938
0.0989898989899;1.72150001;0.255067546629
0.0994949494949;1.72040001;0.255302273947
0.1;1.71930001;0.255535775944
0.109090909091;1.70020001;0.259541150917
0.118181818182;1.68270001;0.26321128165
0.127272727273;1.66670001;0.266593933187
0.136363636364;1.65170001;0.26972730586
0.145454545455;1.63780001;0.272642539787
0.154545454545;1.62490001;0.275365284743
0.163636363636;1.61270001;0.277916963353
0.172727272727;1.60110001;0.280315619638
0.181818181818;1.59030001;0.282576657274
0.190909090909;1.58000001;0.284713247032
0.2;1.57020001;0.286736798311
0.209090909091;1.56090001;0.288657237834
0.218181818182;1.55200001;0.290483255179
0.227272727273;1.54340001;0.292222498923
0.236363636364;1.53530001;0.293881783465
0.245454545455;1.52750001;0.295467121331
0.254545454545;1.51990001;0.296983884906
0.263636363636;1.51270001;0.298436919078
0.272727272727;1.50570001;0.299830552617
0.281818181818;1.49900001;0.301168737761
0.290909090909;1.49250001;0.30245502268
0.3;1.48620001;0.303692652079
0.309090909091;1.48010001;0.304884567009
0.318181818182;1.47420001;0.306033468195
0.327272727273;1.46850001;0.307141848142
0.336363636364;1.46300001;0.308211944805
0.345454545455;1.45760001;0.309245880291
0.354545454545;1.45230001;0.3102455683
0.363636363636;1.44720001;0.311212796444
0.372727272727;1.44230001;0.31214923484
0.381818181818;1.43750001;0.313056392415
0.390909090909;1.43280001;0.313935706606
0.4;1.42810001;0.314788506585
0.409090909091;1.42370001;0.315616035744
0.418181818182;1.41920001;0.316419449975
0.427272727273;1.41500001;0.317199826212
0.436363636364;1.41080001;0.317958188116
0.445454545455;1.40670001;0.31869547884
0.454545454545;1.40270001;0.319412597512
0.463636363636;1.39880001;0.320110388977
0.472727272727;1.39500001;0.320789646004
0.481818181818;1.39130001;0.321451089443
0.490909090909;1.38760001;0.322095451393
0.5;1.38400001;0.32272338949
0.509090909091;1.38050001;0.323335526442
0.518181818182;1.37700001;0.323932468727
0.527272727273;1.37360001;0.324514762232
0.536363636364;1.37020001;0.325082944181
0.545454545455;1.36700001;0.325637539935
0.554545454545;1.36380001;0.326179026312
0.563636363636;1.36060001;0.326707835743
0.572727272727;1.35750001;0.327224424114
0.581818181818;1.35450001;0.327729209993
0.590909090909;1.35150001;0.32822258049
0.6;1.34850001;0.328704902408
0.609090909091;1.34560001;0.329176558871
0.618181818182;1.34280001;0.329637875519
0.627272727273;1.34000001;0.330089173299
0.636363636364;1.33720001;0.330530786983
0.645454545455;1.33450001;0.330963006989
0.654545454545;1.33180001;0.331386106362
0.663636363636;1.32920001;0.331800373367
0.672727272727;1.32660001;0.332206076925
0.681818181818;1.32400001;0.332603455472
0.690909090909;1.32150001;0.332992749943
0.7;1.31900001;0.333374203166
0.709090909091;1.31660001;0.333748035952
0.718181818182;1.31420001;0.334114450163
0.727272727273;1.31180001;0.334473669386
0.736363636364;1.30940001;0.334825882909
0.745454545455;1.30700001;0.335171269616
0.754545454545;1.30470001;0.335510038084
0.763636363636;1.30250001;0.335842346766
0.772727272727;1.30030001;0.336168369188
0.781818181818;1.29810001;0.336488272951
0.790909090909;1.29590001;0.336802204811
0.8;1.29380001;0.337110326344
0.809090909091;1.29160001;0.337412784367
0.818181818182;1.28960001;0.33770972716
0.827272727273;1.28750001;0.338001274776
0.836363636364;1.28540001;0.338287564445
0.845454545455;1.28340001;0.338568729957
0.854545454545;1.28140001;0.338844901339
0.863636363636;1.27950001;0.339116185892
0.872727272727;1.27750001;0.339382696965
0.881818181818;1.27550001;0.339644550987
0.890909090909;1.27360001;0.339901860007
0.9;1.27170001;0.340154724002
0.909090909091;1.26990001;0.340403250806
0.918181818182;1.26800001;0.340647530754
0.927272727273;1.26620001;0.340887662687
0.936363636364;1.26440001;0.341123742594
0.945454545455;1.26260001;0.341355850625
0.954545454545;1.26080001;0.341584079138
0.963636363636;1.25900001;0.341808517149
0.972727272727;1.25730001;0.342029235063
0.981818181818;1.25560001;0.342246318683
0.990909090909;1.25390001;0.342459846873
1;1.25230001;0.342669898168
1.0101010101;1.25040001;0.342899287121
1.0202020202;1.24860001;0.343124553021
1.0303030303;1.24680001;0.343345806357
1.0404040404;1.24500001;0.343563133227
1.05050505051;1.24320001;0.343776623139
1.06060606061;1.24150001;0.343986350882
1.07070707071;1.23980001;0.344192402138
1.08080808081;1.23810001;0.344394862682
1.09090909091;1.23640001;0.344593809564
1.10101010101;1.23470001;0.344789320569
1.11111111111;1.23300001;0.344981458527
1.12121212121;1.23140001;0.345170310527
1.13131313131;1.22980001;0.345355931551
1.14141414141;1.22810001;0.345538391251
1.15151515152;1.22660001;0.345717766301
1.16161616162;1.22500001;0.345894106974
1.17171717172;1.22340001;0.346067481983
1.18181818182;1.22180001;0.346237944458
1.19191919192;1.22030001;0.346405567244
1.20202020202;1.21880001;0.346570390886
1.21212121212;1.21730001;0.346732484976
1.22222222222;1.21580001;0.346891896386
1.23232323232;1.21430001;0.347048674914
1.24242424242;1.21280001;0.347202873995
1.25252525253;1.21140001;0.347354549696
1.26262626263;1.20990001;0.347503728754
1.27272727273;1.20850001;0.347650483765
1.28282828283;1.20710001;0.347794856438
1.29292929293;1.20570001;0.347936880049
1.30303030303;1.20430001;0.348076609603
1.31313131313;1.20290001;0.348214073709
1.32323232323;1.20160001;0.348349335987
1.33333333333;1.20020001;0.348482414886
1.34343434343;1.19890001;0.34861335828
1.35353535354;1.19760001;0.348742208709
1.36363636364;1.19620001;0.348868999949
1.37373737374;1.19490001;0.348993771825
1.38383838384;1.19360001;0.349116560873
1.39393939394;1.19230001;0.349237395558
1.40404040404;1.19100001;0.349356312305
1.41414141414;1.18980001;0.349473345672
1.42424242424;1.18850001;0.349588536404
1.43434343434;1.18730001;0.349701903661
1.44444444444;1.18600001;0.349813479314
1.45454545455;1.18480001;0.349923302186
1.46464646465;1.18360001;0.350031400422
1.47474747475;1.18240001;0.350137797981
1.48484848485;1.18120001;0.350242531297
1.49494949495;1.17990001;0.350345610226
1.50505050505;1.17880001;0.35044708436
1.51515151515;1.17760001;0.350546973394
1.52525252525;1.17640001;0.350645295174
1.53535353535;1.17530001;0.350742084254
1.54545454545;1.17410001;0.350837367426
1.55555555556;1.17300001;0.350931150317
1.56565656566;1.17190001;0.351023477563
1.57575757576;1.17070001;0.351114370102
1.58585858586;1.16960001;0.35120384118
1.59595959596;1.16850001;0.351291919834
1.60606060606;1.16740001;0.351378627257
1.61616161616;1.16630001;0.351463980151
1.62626262626;1.16520001;0.351547997123
1.63636363636;1.16410001;0.351630712118
1.64646464646;1.16310001;0.35171214267
1.65656565657;1.16200001;0.351792294072
1.66666666667;1.16100001;0.351871207853
1.67676767677;1.15990001;0.351948881976
1.68686868687;1.15890001;0.352025347384
1.69696969697;1.15790001;0.352100618562
1.70707070707;1.15680001;0.352174709266
1.71717171717;1.15580001;0.35224764797
1.72727272727;1.15480001;0.352319446566
1.73737373737;1.15380001;0.352390115588
1.74747474747;1.15280001;0.352459678532
1.75757575758;1.15180001;0.352528150388
1.76767676768;1.15080001;0.352595545526
1.77777777778;1.14980001;0.352661882817
1.78787878788;1.14880001;0.352727171634
1.79797979798;1.14790001;0.35279143524
1.80808080808;1.14690001;0.352854686896
1.81818181818;1.14590001;0.352916928874
1.82828282828;1.14500001;0.352978193893
1.83838383838;1.14400001;0.353038477109
1.84848484848;1.14310001;0.353097808183
1.85858585859;1.14220001;0.353156203856
1.86868686869;1.14120001;0.353213647303
1.87878787879;1.14030001;0.353270184408
1.88888888889;1.13940001;0.35332581253
1.89898989899;1.13850001;0.353380552124
1.90909090909;1.13760001;0.353434403419
1.91919191919;1.13670001;0.353487385614
1.92929292929;1.13570001;0.353539508524
1.93939393939;1.13490001;0.353590790421
1.94949494949;1.13410001;0.353641241164
1.9595959596;1.13310001;0.353690862291
1.9696969697;1.13230001;0.353739678982
1.9797979798;1.13140001;0.353787689378
1.9898989899;1.13050001;0.353834905376
5;0.98390001;0.353317169945
5.05050505051;0.98250001;0.353213223659
5.10101010101;0.98110001;0.353108293627
5.15151515152;0.97960001;0.353002411437
5.20202020202;0.97820001;0.352895635287
5.25252525253;0.97680001;0.352787995605
5.30303030303;0.97540001;0.352679529304
5.35353535354;0.97390001;0.352570273265
5.40404040404;0.97260001;0.352460266594
5.45454545455;0.97130001;0.35234954321
5.50505050505;0.97000001;0.352238130608
5.55555555556;0.96860001;0.352126063052
5.60606060606;0.96730001;0.352013367167
5.65656565657;0.96600001;0.351900079657
5.70707070707;0.96470001;0.35178621782
5.75757575758;0.96350001;0.351671818738
5.80808080808;0.96210001;0.35155689543
5.85858585859;0.96100001;0.351441492924
5.90909090909;0.95980001;0.351325617188
5.9595959596;0.95840001;0.351209293165
6.0101010101;0.95720001;0.351092553599
6.06060606061;0.95600001;0.350975410864
6.11111111111;0.95480001;0.350857887919
6.16161616162;0.95380001;0.35074001415
6.21212121212;0.95260001;0.350621794416
6.26262626263;0.95150001;0.350503249007
6.31313131313;0.95020001;0.350384396047
6.36363636364;0.94920001;0.350265268759
6.41414141414;0.94810001;0.35014586748
6.46464646465;0.94700001;0.350026209577
6.51515151515;0.94590001;0.349906313392
6.56565656566;0.94480001;0.349786195921
6.61616161616;0.94360001;0.34966586217
6.66666666667;0.94260001;0.34954534571
6.71717171717;0.94150001;0.349424635499
6.76767676768;0.94060001;0.349303769501
6.81818181818;0.93940001;0.349182744863
6.86868686869;0.93840001;0.349061569091
6.91919191919;0.93740001;0.348940268801
6.9696969697;0.93650001;0.34881884616
7.0202020202;0.93550001;0.348697316679
7.07070707071;0.93450001;0.348575689499
7.12121212121;0.93350001;0.348453968714
7.17171717172;0.93240001;0.348332165218
7.22222222222;0.93160001;0.348210307616
7.27272727273;0.93060001;0.348088380736
7.32323232323;0.92960001;0.347966401817
7.37373737374;0.92860001;0.347844381124
7.42424242424;0.92780001;0.347722336728
7.47474747475;0.92690001;0.347600256972
7.52525252525;0.92580001;0.347478160844
7.57575757576;0.92490001;0.347356055673
7.62626262626;0.92400001;0.347233947969
7.67676767677;0.92310001;0.347111844292
7.72727272727;0.92220001;0.346989755309
7.77777777778;0.92140001;0.346867682811
7.82828282828;0.92060001;0.34674563213
7.87878787879;0.91960001;0.346623608761
7.92929292929;0.91870001;0.346501625128
7.9797979798;0.91800001;0.346379688872
8.0303030303;0.91700001;0.346257793421
8.08080808081;0.91630001;0.346135953586
8.13131313131;0.91530001;0.346014166228
8.18181818182;0.91450001;0.345892455501
8.23232323232;0.91370001;0.345770799912
8.28282828283;0.91300001;0.345649228288
8.33333333333;0.91210001;0.345527725751
8.38383838384;0.91130001;0.345406309962
8.43434343434;0.91050001;0.345284978045
8.48484848485;0.90970001;0.345163738026
8.53535353535;0.90900001;0.345042593679
8.58585858586;0.90820001;0.34492154675
8.63636363636;0.90740001;0.344800601344
8.68686868687;0.90650001;0.344679757746
8.73737373737;0.90580001;0.344559030969
8.78787878788;0.90500001;0.344438412953
8.83838383838;0.90430001;0.344317913967
8.88888888889;0.90360001;0.344197534016
8.93939393939;0.90280001;0.34407727273
8.9898989899;0.90210001;0.343957138026
9.0404040404;0.90140001;0.343837128015
9.09090909091;0.90050001;0.343717249871
9.14141414141;0.89990001;0.343597510623
9.19191919192;0.89920001;0.343477901391
9.24242424242;0.89850001;0.343358432348
9.29292929293;0.89770001;0.343239103835
9.34343434343;0.89700001;0.34311991886
9.39393939394;0.89630001;0.343000879521
9.44444444444;0.89560001;0.34288198659
9.49494949495;0.89490001;0.342763245384
9.54545454545;0.89420001;0.342644654169
9.59595959596;0.89360001;0.342526218597
9.64646464646;0.89290001;0.342407934214
9.69696969697;0.89210001;0.342289807553
9.74747474747;0.89150001;0.342171840095
9.79797979798;0.89080001;0.342054035981
9.84848484848;0.89010001;0.341936388204
9.89898989899;0.88950001;0.341818908375
9.94949494949;0.88880001;0.341701591767
5;0.98390001;0.353317169945
5.02512562814;0.98320001;0.353265586216
5.05025125628;0.98260001;0.353213748612
5.07537688442;0.98180001;0.353161668834
5.10050251256;0.98110001;0.353109353788
5.1256281407;0.98040001;0.353056798309
5.15075376884;0.97970001;0.353004018028
5.17587939698;0.97890001;0.352951010875
5.20100502513;0.97820001;0.35289779152
5.22613065327;0.97750001;0.352844353729
5.25125628141;0.97680001;0.35279071069
5.27638190955;0.97600001;0.352736855163
5.30150753769;0.97540001;0.352682810618
5.32663316583;0.97480001;0.352628567677
5.35175879397;0.97410001;0.352574132469
5.37688442211;0.97330001;0.352519507876
5.40201005025;0.97260001;0.352464701661
5.42713567839;0.97190001;0.352409716781
5.45226130653;0.97130001;0.35235456636
5.47738693467;0.97070001;0.352299235922
5.50251256281;0.97000001;0.352243742777
5.52763819095;0.96930001;0.352188088186
5.5527638191;0.96870001;0.352132273664
5.57788944724;0.96800001;0.352076305001
5.60301507538;0.96740001;0.352020180681
5.62814070352;0.96670001;0.351963909923
5.65326633166;0.96610001;0.351907497685
5.6783919598;0.96550001;0.351850937874
5.70351758794;0.96480001;0.351794245165
5.72864321608;0.96410001;0.351737419369
5.75376884422;0.96360001;0.351680460328
5.77889447236;0.96290001;0.351623368416
5.8040201005;0.96220001;0.3515661538
5.82914572864;0.96170001;0.351508823004
5.85427135678;0.96100001;0.351451370983
5.87939698492;0.96050001;0.351393802376
5.90452261307;0.95980001;0.35133611757
5.92964824121;0.95920001;0.351278324721
5.95477386935;0.95860001;0.351220422876
5.97989949749;0.95800001;0.351162413234
6.00502512563;0.95740001;0.351104306766
6.03015075377;0.95680001;0.351046099108
6.05527638191;0.95620001;0.350987792242
6.08040201005;0.95560001;0.350929398098
6.10552763819;0.95510001;0.350870902189
6.13065326633;0.95440001;0.350812319096
6.15577889447;0.95390001;0.350753657895
6.18090452261;0.95330001;0.350694901822
6.20603015075;0.95270001;0.350636064478
6.23115577889;0.95220001;0.350577150827
6.25628140704;0.95150001;0.350518153201
6.28140703518;0.95100001;0.350459089828
6.30653266332;0.95050001;0.350399946626
6.33165829146;0.94990001;0.350340730888
6.3567839196;0.94940001;0.350281447512
6.38190954774;0.94880001;0.350222098097
6.40703517588;0.94830001;0.35016268189
6.43216080402;0.94770001;0.3501032001
6.45728643216;0.94710001;0.350043658894
6.4824120603;0.94650001;0.349984056666
6.50753768844;0.94610001;0.349924404935
6.53266331658;0.94540001;0.349864681651
6.55778894472;0.94500001;0.349804922565
6.58291457286;0.94440001;0.349745099913
6.60804020101;0.94380001;0.349685222981
6.63316582915;0.94340001;0.349625312202
6.65829145729;0.94270001;0.349565339422
6.68341708543;0.94230001;0.349505333437
6.70854271357;0.94170001;0.349445275338
6.73366834171;0.94130001;0.3493851802
6.75879396985;0.94070001;0.349325038679
6.78391959799;0.94020001;0.349264865459
6.80904522613;0.93960001;0.349204644064
6.83417085427;0.93920001;0.349144396905
6.85929648241;0.93860001;0.349084111088
6.88442211055;0.93810001;0.349023791151
6.90954773869;0.93770001;0.348963443319
6.93467336683;0.93710001;0.348903057554
6.95979899497;0.93670001;0.348842655122
6.98492462312;0.93610001;0.348782216518
7.01005025126;0.93570001;0.348721753332
7.0351758794;0.93520001;0.348661265056
7.06030150754;0.93470001;0.348600753699
7.08542713568;0.93420001;0.348540218238
7.11055276382;0.93360001;0.348479661791
7.13567839196;0.93310001;0.348419084398
7.1608040201;0.93270001;0.348358496796
7.18592964824;0.93220001;0.348297881275
7.21105527638;0.93180001;0.348237256656
7.23618090452;0.93130001;0.348176612443
7.26130653266;0.93070001;0.348115950833
7.2864321608;0.93030001;0.348055287143
7.31155778894;0.92990001;0.34799460447
7.33668341709;0.92940001;0.347933911393
7.36180904523;0.92880001;0.34787320499
7.38693467337;0.92850001;0.347812498136
7.41206030151;0.92800001;0.347751776872
7.43718592965;0.92740001;0.347691047103
7.46231155779;0.92710001;0.347630318999
7.48743718593;0.92650001;0.347569578159
7.51256281407;0.92620001;0.347508843097
7.53768844221;0.92560001;0.34744809604
7.56281407035;0.92530001;0.347387354155
7.58793969849;0.92480001;0.34732660616
7.61306532663;0.92430001;0.347265859389
7.63819095477;0.92380001;0.34720510876
7.66331658291;0.92340001;0.347144364539
7.68844221106;0.92290001;0.347083620303
7.7135678392;0.92260001;0.347022887044
7.73869346734;0.92210001;0.346962151265
7.76381909548;0.92170001;0.346901420531
7.78894472362;0.92110001;0.346840689346
7.81407035176;0.92080001;0.34677997482
7.8391959799;0.92040001;0.346719261607
7.86432160804;0.91990001;0.346658557492
7.88944723618;0.91940001;0.346597861999
7.91457286432;0.91910001;0.34653717681
7.93969849246;0.91860001;0.346476499889
7.9648241206;0.91810001;0.346415833526
7.98994974874;0.91770001;0.346355181936
8.01507537688;0.91740001;0.346294540092
8.04020100503;0.91700001;0.346233911183
8.06532663317;0.91640001;0.346173292125
8.09045226131;0.91600001;0.34611269313
8.11557788945;0.91560001;0.346052108161
8.14070351759;0.91520001;0.345991534048
8.16582914573;0.91490001;0.345930979767
8.19095477387;0.91440001;0.345870440887
8.21608040201;0.91400001;0.345809918586
8.24120603015;0.91360001;0.345749414557
8.26633165829;0.91310001;0.345688924443
8.29145728643;0.91280001;0.34562846142
8.31658291457;0.91240001;0.345568013769
8.34170854271;0.91190001;0.345507586494
8.36683417085;0.91160001;0.34544718039
8.39195979899;0.91110001;0.345386793157
8.41708542714;0.91070001;0.345326427182
8.44221105528;0.91030001;0.345266086475
8.46733668342;0.90990001;0.345205762478
8.49246231156;0.90950001;0.34514546473
8.5175879397;0.90920001;0.345085196403
8.54271356784;0.90880001;0.345024946349
8.56783919598;0.90840001;0.344964720671
8.59296482412;0.90810001;0.344904521798
8.61809045226;0.90770001;0.344844347126
8.6432160804;0.90730001;0.344784198773
8.66834170854;0.90680001;0.344724074599
8.69346733668;0.90640001;0.344663976056
8.71859296482;0.90610001;0.34460391389
8.74371859296;0.90580001;0.344543874943
8.76884422111;0.90540001;0.344483860231
8.79396984925;0.90500001;0.344423874101
8.81909547739;0.90450001;0.344363915261
8.84422110553;0.90410001;0.344303991302
8.86934673367;0.90390001;0.344244095264
8.89447236181;0.90350001;0.344184230188
8.91959798995;0.90310001;0.344124393337
8.94472361809;0.90270001;0.344064584551
8.96984924623;0.90240001;0.34400481683
8.99497487437;0.90190001;0.343945065271
9.02010050251;0.90160001;0.343885354482
9.04522613065;0.90120001;0.343825675385
9.07035175879;0.90080001;0.343766027353
9.09547738693;0.90060001;0.34370641623
9.12060301508;0.90010001;0.34364683175
9.14572864322;0.89970001;0.343587282723
9.17085427136;0.89950001;0.343527772544
9.1959798995;0.89910001;0.343468291411
9.22110552764;0.89880001;0.343408846482
9.24623115578;0.89830001;0.343349429325
9.27135678392;0.89810001;0.343290057798
9.29648241206;0.89770001;0.343230714754
9.3216080402;0.89730001;0.343171407224
9.34673366834;0.89700001;0.343112139617
9.37185929648;0.89660001;0.343052901287
9.39698492462;0.89630001;0.342993707233
9.42211055276;0.89590001;0.342934546598
9.4472361809;0.89550001;0.342875417775
9.47236180905;0.89520001;0.342816329473
9.49748743719;0.89480001;0.342757279018
9.52261306533;0.89450001;0.342698268514
9.54773869347;0.89410001;0.342639290997
9.57286432161;0.89390001;0.342580356591
9.59798994975;0.89350001;0.34252145717
9.62311557789;0.89310001;0.342462594611
9.64824120603;0.89290001;0.342403777877
9.67336683417;0.89240001;0.342344987481
9.69849246231;0.89220001;0.342286248735
9.72361809045;0.89190001;0.342227544679
9.74874371859;0.89140001;0.342168876227
9.77386934673;0.89120001;0.342110256642
9.79899497487;0.89090001;0.342051670525
9.82412060302;0.89040001;0.341993121109
9.84924623116;0.89010001;0.34193461616
9.8743718593;0.88980001;0.34187615319
9.89949748744;0.88950001;0.341817730774
9.92462311558;0.88910001;0.341759347038
9.94974874372;0.88880001;0.341701002026
9.97487437186;0.88860001;0.341642709294
2;1.12970001;0.353881347584
2.0303030303;1.12710001;0.354016091589
2.06060606061;1.12460001;0.354144179308
2.09090909091;1.12220001;0.354265864671
2.12121212121;1.11980001;0.354381382271
2.15151515152;1.11730001;0.354490973912
2.18181818182;1.11500001;0.354594871723
2.21212121212;1.11260001;0.354693259507
2.24242424242;1.11030001;0.35478635389
2.27272727273;1.10810001;0.354874358965
2.30303030303;1.10590001;0.354957426461
2.33333333333;1.10380001;0.355035748912
2.36363636364;1.10170001;0.355109497934
2.39393939394;1.09950001;0.355178822053
2.42424242424;1.09740001;0.355243883446
2.45454545455;1.09540001;0.355304819879
2.48484848485;1.09330001;0.355361775983
2.51515151515;1.09130001;0.355414888027
2.54545454545;1.08940001;0.35546428117
2.57575757576;1.08750001;0.355510077428
2.60606060606;1.08550001;0.355552396418
2.63636363636;1.08370001;0.355591351566
2.66666666667;1.08180001;0.355627055687
2.69696969697;1.08000001;0.35565960811
2.72727272727;1.07810001;0.355689107313
2.75757575758;1.07640001;0.355715659183
2.78787878788;1.07460001;0.355739352047
2.81818181818;1.07280001;0.35576026564
2.84848484848;1.07110001;0.355778503331
2.87878787879;1.06930001;0.355794138281
2.90909090909;1.06760001;0.355807249716
2.93939393939;1.06610001;0.355817924687
2.9696969697;1.06430001;0.355826213947
3;1.06270001;0.355832213553
3.0303030303;1.06110001;0.35583598308
3.06060606061;1.05950001;0.355837586909
3.09090909091;1.05800001;0.355837091856
3.12121212121;1.05640001;0.355834549425
3.15151515152;1.05490001;0.355830034981
3.18181818182;1.05330001;0.355823603333
3.21212121212;1.05180001;0.355815301321
3.24242424242;1.05030001;0.355805186573
3.27272727273;1.04890001;0.35579331469
3.30303030303;1.04740001;0.355779733698
3.33333333333;1.04600001;0.355764488808
3.36363636364;1.04450001;0.355747633481
3.39393939394;1.04310001;0.355729210442
3.42424242424;1.04170001;0.355709254899
3.45454545455;1.04030001;0.355687825291
3.48484848485;1.03900001;0.355664951516
3.51515151515;1.03760001;0.355640676613
3.54545454545;1.03630001;0.355615039197
3.57575757576;1.03500001;0.355588075865
3.60606060606;1.03360001;0.355559824937
3.63636363636;1.03230001;0.35553032222
3.66666666667;1.03100001;0.355499598125
3.69696969697;1.02980001;0.355467684938
3.72727272727;1.02850001;0.355434621454
3.75757575758;1.02730001;0.355400436617
3.78787878788;1.02590001;0.355365150907
3.81818181818;1.02480001;0.355328809344
3.84848484848;1.02360001;0.355291425013
3.87878787879;1.02240001;0.355253037495
3.90909090909;1.02110001;0.355213666794
3.93939393939;1.02000001;0.355173340667
3.9696969697;1.01870001;0.355132082923
4;1.01760001;0.355089917878
4.0303030303;1.01640001;0.355046877536
4.06060606061;1.01530001;0.355002972049
4.09090909091;1.01410001;0.354958235498
4.12121212121;1.01300001;0.354912680212
4.15151515152;1.01190001;0.354866338223
4.18181818182;1.01080001;0.354819217004
4.21212121212;1.00970001;0.354771346045
4.24242424242;1.00860001;0.354722743352
4.27272727273;1.00750001;0.354673422551
4.30303030303;1.00650001;0.354623407586
4.33333333333;1.00540001;0.354572717038
4.36363636364;1.00440001;0.354521369639
4.39393939394;1.00320001;0.354469370782
4.42424242424;1.00230001;0.354416756135
4.45454545455;1.00120001;0.354363521261
4.48484848485;1.00020001;0.354309702023
4.51515151515;0.99910001;0.354255290047
4.54545454545;0.99820001;0.354200328907
4.57575757576;0.99720001;0.354144811117
4.60606060606;0.99610001;0.354088758102
4.63636363636;0.99530001;0.354032186724
4.66666666667;0.99430001;0.353975101969
4.69696969697;0.99330001;0.353917526211
4.72727272727;0.99240001;0.353859462831
4.75757575758;0.99140001;0.353800934596
4.78787878788;0.99050001;0.353741948067
4.81818181818;0.98940001;0.353682509271
4.84848484848;0.98860001;0.35362264479
4.87878787879;0.98770001;0.35356235389
4.90909090909;0.98680001;0.353501650429
4.93939393939;0.98580001;0.353440545077
4.9696969697;0.98480001;0.353379042992
10;0.88820001;0.341584446143
10.1515151515;0.88620001;0.341234010174
10.303030303;0.88440001;0.340885123649
10.4545454545;0.88250001;0.340537807749
10.6060606061;0.88070001;0.340192098633
10.7575757576;0.87890001;0.33984801223
10.9090909091;0.87710001;0.339505567322
11.0606060606;0.87540001;0.339164790979
11.2121212121;0.87370001;0.338825691959
11.3636363636;0.87210001;0.338488282156
11.5151515152;0.87030001;0.338152572294
11.6666666667;0.86870001;0.337818574888
11.8181818182;0.86710001;0.337486292875
11.9696969697;0.86550001;0.337155731705
12.1212121212;0.86410001;0.33682689847
12.2727272727;0.86250001;0.336499789438
12.4242424242;0.86110001;0.336174409307
12.5757575758;0.85960001;0.335850759926
12.7272727273;0.85800001;0.33552882849
12.8787878788;0.85670001;0.335208629623
13.0303030303;0.85520001;0.33489014534
13.1818181818;0.85390001;0.334573383168
13.3333333333;0.85240001;0.334258327214
13.4848484848;0.85110001;0.333944980526
13.6363636364;0.84970001;0.333633333169
13.7878787879;0.84840001;0.333323378494
13.9393939394;0.84710001;0.333015112128
14.0909090909;0.84580001;0.332708519101
14.2424242424;0.84460001;0.332403603405
14.3939393939;0.84340001;0.332100341763
14.5454545455;0.84210001;0.331798733638
14.696969697;0.84090001;0.331498770428
14.8484848485;0.83970001;0.331200437409
15;0.83850001;0.330903730389
15.1515151515;0.83740001;0.33060864192
15.303030303;0.83620001;0.330315144534
15.4545454545;0.83500001;0.33002324717
15.6060606061;0.83390001;0.329732933059
15.7575757576;0.83280001;0.329444187952
15.9090909091;0.83170001;0.329157003205
16.0606060606;0.83060001;0.328871369688
16.2121212121;0.82950001;0.32858727028
16.3636363636;0.82850001;0.328304703511
16.5151515152;0.82740001;0.328023647627
16.6666666667;0.82640001;0.327744104052
16.8181818182;0.82540001;0.327466048566
16.9696969697;0.82440001;0.327189475583
17.1212121212;0.82340001;0.326914372262
17.2727272727;0.82240001;0.326640731563
17.4242424242;0.82140001;0.326368537126
17.5757575758;0.82050001;0.326097782291
17.7272727273;0.81950001;0.325828451473
17.8787878788;0.81870001;0.325560537778
18.0303030303;0.81760001;0.325294021773
18.1818181818;0.81670001;0.325028902382
18.3333333333;0.81580001;0.32476515798
18.4848484848;0.81490001;0.324502786177
18.6363636364;0.81400001;0.324241774215
18.7878787879;0.81310001;0.323982107759
18.9393939394;0.81220001;0.323723779838
19.0909090909;0.81150001;0.323466778218
19.2424242424;0.81050001;0.323211088339
19.3939393939;0.80970001;0.322956704365
19.5454545455;0.80880001;0.322703611876
19.696969697;0.80800001;0.322451804631
19.8484848485;0.80730001;0.322201273158
20;0.80630001;0.321951994992
20.1515151515;0.80550001;0.321703974016
20.303030303;0.80470001;0.321457193403
20.4545454545;0.80390001;0.321211640037
20.6060606061;0.80330001;0.320967313186
20.7575757576;0.80250001;0.320724196384
20.9090909091;0.80160001;0.320482276111
21.0606060606;0.80080001;0.320241546933
21.2121212121;0.80010001;0.320002003766
21.3636363636;0.79930001;0.319763626987
21.5151515152;0.79860001;0.319526418221
21.6666666667;0.79790001;0.319290354069
21.8181818182;0.79710001;0.319055436298
21.9696969697;0.79650001;0.318821654214
22.1212121212;0.79580001;0.318588993379
22.2727272727;0.79510001;0.318357446098
22.4242424242;0.79440001;0.318127007458
22.5757575758;0.79370001;0.317897664964
22.7272727273;0.79300001;0.317669409103
22.8787878788;0.79220001;0.317442228357
23.0303030303;0.79150001;0.317216121994
23.1818181818;0.79090001;0.31699107881
23.3333333333;0.79020001;0.316767087294
23.4848484848;0.78950001;0.316544137838
23.6363636364;0.78890001;0.316322227483
23.7878787879;0.78820001;0.316101342653
23.9393939394;0.78760001;0.315881479726
24.0909090909;0.78690001;0.315662621838
24.2424242424;0.78640001;0.31544477579
24.3939393939;0.78570001;0.315227921437
24.5454545455;0.78510001;0.315012053511
24.696969697;0.78440001;0.314797160726
24.8484848485;0.78380001;0.314583247378
25;0.78330001;0.314370296588
25.3535353535;0.78180001;0.313877110519
25.7070707071;0.78040001;0.313389032118
26.0606060606;0.77910001;0.312905981515
26.4141414141;0.77770001;0.312427848735
26.7676767677;0.77640001;0.311954561415
27.1212121212;0.77510001;0.31148602604
27.4747474747;0.77390001;0.311022159739
27.8282828283;0.77260001;0.310562878723
28.1818181818;0.77150001;0.310108107211
28.5353535354;0.77020001;0.309657759364
28.8888888889;0.76900001;0.30921175957
29.2424242424;0.76790001;0.308770042726
29.595959596;0.76670001;0.308332523335
29.9494949495;0.76570001;0.307899144239
30.303030303;0.76460001;0.307469822066
30.6565656566;0.76340001;0.307044487765
31.0101010101;0.76250001;0.306623089599
31.3636363636;0.76130001;0.306205548217
31.7171717172;0.76030001;0.305791807143
32.0707070707;0.75930001;0.305381806163
32.4242424242;0.75830001;0.304975482568
32.7777777778;0.75730001;0.304572772843
33.1313131313;0.75630001;0.304173620424
33.4848484848;0.75530001;0.303777977534
33.8383838384;0.75440001;0.303385778923
34.1919191919;0.75350001;0.3029969801
34.5454545455;0.75250001;0.302611513158
34.898989899;0.75160001;0.302229339176
35.2525252525;0.75070001;0.30185040315
35.6060606061;0.74980001;0.301474658879
35.9595959596;0.74910001;0.301102057664
36.3131313131;0.74810001;0.300732544891
36.6666666667;0.74730001;0.300366081862
37.0202020202;0.74640001;0.300002619379
37.3737373737;0.74560001;0.299642112927
37.7272727273;0.74480001;0.299284525387
38.0808080808;0.74400001;0.29892980738
38.4343434343;0.74320001;0.298577918829
38.7878787879;0.74240001;0.298228818421
39.1414141414;0.74160001;0.297882467605
39.4949494949;0.74100001;0.29753883087
39.8484848485;0.74010001;0.29719786295
40.202020202;0.73940001;0.296859529732
40.5555555556;0.73860001;0.296523792965
40.9090909091;0.73790001;0.296190618248
41.2626262626;0.73720001;0.295859970803
41.6161616162;0.73660001;0.295531817165
41.9696969697;0.73580001;0.295206117909
42.3232323232;0.73510001;0.294882842162
42.6767676768;0.73440001;0.29456196147
43.0303030303;0.73370001;0.294243439893
43.3838383838;0.73310001;0.293927248068
43.7373737374;0.73240001;0.293613350992
44.0909090909;0.73170001;0.293301723493
44.4444444444;0.73110001;0.292992334259
44.797979798;0.73050001;0.292685155046
45.1515151515;0.72980001;0.29238015374
45.5050505051;0.72920001;0.292077306307
45.8585858586;0.72860001;0.291776584718
46.2121212121;0.72800001;0.291477960486
46.5656565657;0.72750001;0.291181409346
46.9191919192;0.72680001;0.29088690143
47.2727272727;0.72620001;0.290594416626
47.6262626263;0.72570001;0.290303927176
47.9797979798;0.72500001;0.290015405205
48.3333333333;0.72440001;0.289728830915
48.6868686869;0.72390001;0.289444184051
49.0404040404;0.72330001;0.28916143072
49.3939393939;0.72290001;0.288880557909
49.7474747475;0.72220001;0.288601537811
50.101010101;0.72170001;0.288324350021
50.4545454545;0.72110001;0.288048972738
50.8080808081;0.72060001;0.287775383542
51.1616161616;0.72020001;0.287503567064
51.5151515152;0.71960001;0.287233493049
51.8686868687;0.71900001;0.286965148126
52.2222222222;0.71850001;0.286698511953
52.5757575758;0.71800001;0.286433562383
52.9292929293;0.71750001;0.286170281081
53.2828282828;0.71700001;0.28590865009
53.6363636364;0.71650001;0.285648649104
53.9898989899;0.71600001;0.285390260704
54.3434343434;0.71570001;0.285133470681
54.696969697;0.71510001;0.284878252994
55.0505050505;0.71460001;0.284624595529
55.404040404;0.71420001;0.284372483197
55.7575757576;0.71380001;0.284121896319
56.1111111111;0.71320001;0.283872815662
56.4646464646;0.71290001;0.283625229613
56.8181818182;0.71230001;0.283379116648
57.1717171717;0.71200001;0.283134469554
57.5252525253;0.71140001;0.282891263061
57.8787878788;0.71100001;0.282649488879
58.2323232323;0.71060001;0.282409128238
58.5858585859;0.71010001;0.282170166335
58.9393939394;0.70970001;0.281932591293
59.2929292929;0.70930001;0.281696385951
59.6464646465;0.70890001;0.281461538037
60;0.70850001;0.281228035245
61.0101010101;0.70730001;0.28056814609
62.0202020202;0.70620001;0.279918794191
63.0303030303;0.70510001;0.279279681163
64.0404040404;0.70400001;0.278650512771
65.0505050505;0.70290001;0.278031018282
66.0606060606;0.70190001;0.277420936265
67.0707070707;0.70090001;0.276820005874
68.0808080808;0.69990001;0.276227987993
69.0909090909;0.69900001;0.275644645137
70.101010101;0.69800001;0.275069758082
71.1111111111;0.69710001;0.274503100255
72.1212121212;0.69620001;0.273944469107
73.1313131313;0.69530001;0.273393660021
74.1414141414;0.69450001;0.272850482509
75.1515151515;0.69360001;0.272314746578
76.1616161616;0.69280001;0.271786274701
77.1717171717;0.69200001;0.271264888417
78.1818181818;0.69120001;0.270750423637
79.1919191919;0.69040001;0.270242714999
80.202020202;0.68970001;0.269741609109
81.2121212121;0.68890001;0.269246951671
82.2222222222;0.68820001;0.268758602869
83.2323232323;0.68750001;0.268276409527
84.2424242424;0.68680001;0.267800244795
85.2525252525;0.68610001;0.267329971119
86.2626262626;0.68550001;0.266865460883
87.2727272727;0.68480001;0.266406588859
88.2828282828;0.68410001;0.265953238713
89.2929292929;0.68350001;0.265505291508
90.303030303;0.68290001;0.26506263161
91.3131313131;0.68230001;0.264625151593
92.3232323232;0.68170001;0.264192745605
93.3333333333;0.68110001;0.263765311412
94.3434343434;0.68050001;0.26334274768
95.3535353535;0.68000001;0.262924954071
96.3636363636;0.67940001;0.26251183891
97.3737373737;0.67890001;0.262103313144
98.3838383838;0.67830001;0.261699283406
99.3939393939;0.67780001;0.261299664954
100.404040404;0.67730001;0.260904373339
101.414141414;0.67680001;0.26051332698
102.424242424;0.67630001;0.260126446658
103.434343434;0.67580001;0.25974365317
104.444444444;0.67530001;0.25936487302
105.454545455;0.67480001;0.258990032886
106.464646465;0.67430001;0.258619058625
107.474747475;0.67390001;0.258251886316
108.484848485;0.67340001;0.257888441627
109.494949495;0.67300001;0.257528662564
110.505050505;0.67260001;0.25717248607
111.515151515;0.67210001;0.256819846836
112.525252525;0.67170001;0.256470684261
113.535353535;0.67130001;0.256124935023
114.545454545;0.67090001;0.255782549529
115.555555556;0.67050001;0.255443464562
116.565656566;0.67010001;0.255107629351
117.575757576;0.66970001;0.254774987472
118.585858586;0.66930001;0.254445484882
119.595959596;0.66890001;0.254119070944
120.606060606;0.66860001;0.25379569798
121.616161616;0.66820001;0.253475317089
122.626262626;0.66790001;0.25315787789
123.636363636;0.66750001;0.252843332853
124.646464646;0.66720001;0.252531638376
125.656565657;0.66680001;0.252222750243
126.666666667;0.66650001;0.251916624009
127.676767677;0.66610001;0.251613217923
128.686868687;0.66580001;0.251312490268
129.696969697;0.66550001;0.251014400735
130.707070707;0.66520001;0.250718904329
131.717171717;0.66490001;0.25042597009
132.727272727;0.66460001;0.250135556169
133.737373737;0.66430001;0.249847623671
134.747474747;0.66400001;0.249562137606
135.757575758;0.66370001;0.249279062497
136.767676768;0.66340001;0.24899836505
137.777777778;0.66310001;0.248720008251
138.787878788;0.66280001;0.248443956958
139.797979798;0.66250001;0.248170184989
140.808080808;0.66230001;0.247898654307
141.818181818;0.66200001;0.247629334319
142.828282828;0.66170001;0.247362197417
143.838383838;0.66150001;0.247097207905
144.848484848;0.66120001;0.246834341751
145.858585859;0.66100001;0.246573568259
146.868686869;0.66070001;0.246314854843
147.878787879;0.66050001;0.24605818058
148.888888889;0.66020001;0.245803513776
149.898989899;0.66000001;0.2455508263
150.909090909;0.65970001;0.245300095273
151.919191919;0.65950001;0.245051294364
152.929292929;0.65930001;0.244804397565
153.939393939;0.65910001;0.244559378238
154.949494949;0.65880001;0.244316214999
155.95959596;0.65860001;0.244074882166
156.96969697;0.65840001;0.243835357913
157.97979798;0.65820001;0.243597618504
158.98989899;0.65800001;0.243361636778
160;0.65780001;0.243127396007
160.606060606;0.65760001;0.242987678845
161.212121212;0.65750001;0.242848575095
161.818181818;0.65740001;0.242710083038
162.424242424;0.65730001;0.242572191642
163.03030303;0.65720001;0.242434900349
163.636363636;0.65700001;0.242298206898
164.242424242;0.65690001;0.242162106794
164.848484848;0.65680001;0.242026589366
165.454545455;0.65670001;0.241891658353
166.060606061;0.65660001;0.241757304641
166.666666667;0.65650001;0.241623520579
167.272727273;0.65640001;0.241490311396
167.878787879;0.65620001;0.241357667076
168.484848485;0.65610001;0.241225584897
169.090909091;0.65600001;0.241094061838
169.696969697;0.65590001;0.240963090749
170.303030303;0.65580001;0.24083266985
170.909090909;0.65570001;0.240702795765
171.515151515;0.65560001;0.24057346307
172.121212121;0.65550001;0.240444669884
172.727272727;0.65540001;0.240316407658
173.333333333;0.65530001;0.240188682115
173.939393939;0.65520001;0.240061479443
174.545454545;0.65510001;0.239934801023
175.151515152;0.65500001;0.23980864243
175.757575758;0.65490001;0.239683000045
176.363636364;0.65480001;0.239557866808
176.96969697;0.65470001;0.239433249175
177.575757576;0.65460001;0.23930913291
178.181818182;0.65450001;0.239185519252
178.787878788;0.65440001;0.23906240472
179.393939394;0.65430001;0.23893978413
180;0.65420001;0.238817655266
180.606060606;0.65410001;0.23869601727
181.212121212;0.65400001;0.238574862527
181.818181818;0.65390001;0.238454190287
182.424242424;0.65390001;0.238333999006
183.03030303;0.65380001;0.238214280023
183.636363636;0.65370001;0.238095035948
184.242424242;0.65360001;0.237976262388
184.848484848;0.65350001;0.237857951617
185.454545455;0.65340001;0.237740104186
186.060606061;0.65330001;0.237622717751
186.666666667;0.65320001;0.237505788116
187.272727273;0.65320001;0.237389313834
187.878787879;0.65310001;0.237273289686
188.484848485;0.65300001;0.237157711508
189.090909091;0.65290001;0.237042580474
189.696969697;0.65280001;0.236927891327
190.303030303;0.65270001;0.236813642332
190.909090909;0.65270001;0.23669983068
191.515151515;0.65260001;0.236586452965
192.121212121;0.65250001;0.236473503705
192.727272727;0.65240001;0.236360984757
193.333333333;0.65240001;0.236248891171
193.939393939;0.65230001;0.236137221192
194.545454545;0.65220001;0.236025969638
195.151515152;0.65210001;0.235915135943
195.757575758;0.65210001;0.235804719198
196.363636364;0.65200001;0.23569471395
196.96969697;0.65190001;0.235585117385
197.575757576;0.65180001;0.235475928763
198.181818182;0.65180001;0.235367145709
198.787878788;0.65170001;0.235258763549
199.393939394;0.65160001;0.235150781278
200;0.65150001;0.235043194722
200.606060606;0.65150001;0.23493600411
201.212121212;0.65140001;0.234829208065
201.818181818;0.65130001;0.234722799454
202.424242424;0.65130001;0.234616780206
203.03030303;0.65120001;0.23451114586
203.636363636;0.65110001;0.234405893362
204.242424242;0.65110001;0.234301023807
204.848484848;0.65100001;0.234196530296
205.454545455;0.65090001;0.234092411474
206.060606061;0.65090001;0.233988670026
206.666666667;0.65080001;0.23388529698
207.272727273;0.65070001;0.233782294834
207.878787879;0.65070001;0.233679661238
208.484848485;0.65060001;0.233577389127
209.090909091;0.65060001;0.233475483137
209.696969697;0.65050001;0.233373935553
210.303030303;0.65040001;0.233272747321
210.909090909;0.65040001;0.233171914749
211.515151515;0.65030001;0.233071437455
212.121212121;0.65030001;0.232971312396
212.727272727;0.65020001;0.232871536782
213.333333333;0.65010001;0.232772109258
213.939393939;0.65010001;0.232673026862
214.545454545;0.65000001;0.232574290782
215.151515152;0.65000001;0.232475897058
215.757575758;0.64990001;0.232377842271
216.363636364;0.64990001;0.232280125909
216.96969697;0.64980001;0.232182745358
217.575757576;0.64980001;0.232085701282
218.181818182;0.64970001;0.231988987664
218.787878788;0.64970001;0.231892605566
219.393939394;0.64960001;0.231796549501
220;0.64960001;0.231700823618
221.01010101;0.64950001;0.23154200166
222.02020202;0.64940001;0.231384071411
223.03030303;0.64930001;0.231227027949
224.04040404;0.64920001;0.231070860061
225.050505051;0.64920001;0.23091556694
226.060606061;0.64900001;0.230761130713
227.070707071;0.64890001;0.230607551375
228.080808081;0.64890001;0.23045481786
229.090909091;0.64880001;0.230302921181
230.101010101;0.64870001;0.230151855772
231.111111111;0.64860001;0.230001613972
232.121212121;0.64850001;0.229852188305
233.131313131;0.64860001;0.229703572621
234.141414141;0.64850001;0.229555756669
235.151515152;0.64840001;0.229408736118
236.161616162;0.64830001;0.229262499653
237.171717172;0.64830001;0.229117047023
238.181818182;0.64820001;0.228972366899
239.191919192;0.64810001;0.228828450856
240.202020202;0.64810001;0.228685299109
241.212121212;0.64800001;0.228542898114
242.222222222;0.64790001;0.228401244313
243.232323232;0.64790001;0.228260333401
244.242424242;0.64780001;0.228120154941
245.252525253;0.64780001;0.227980704316
246.262626263;0.64770001;0.227841976028
247.272727273;0.64760001;0.227703961021
248.282828283;0.64760001;0.227566659065
249.292929293;0.64750001;0.227430058587
250.303030303;0.64750001;0.227294158895
251.313131313;0.64730001;0.227158947745
252.323232323;0.64730001;0.227024424743
253.333333333;0.64720001;0.226890582028
254.343434343;0.64730001;0.226757414036
255.353535354;0.64710001;0.226624912774
256.363636364;0.64720001;0.226493079053
257.373737374;0.64700001;0.226361901029
258.383838384;0.64710001;0.226231378646
259.393939394;0.64700001;0.226101503104
260.404040404;0.64690001;0.225972267586
261.414141414;0.64690001;0.225843673684
262.424242424;0.64690001;0.225715708465
263.434343434;0.64680001;0.225588371647
264.444444444;0.64670001;0.225461658822
265.454545455;0.64670001;0.225335560926
266.464646465;0.64670001;0.225210077054
267.474747475;0.64670001;0.225085199638
268.484848485;0.64660001;0.224960925167
269.494949495;0.64660001;0.224837249596
270.505050505;0.64660001;0.224714165236
271.515151515;0.64640001;0.224591670673
272.525252525;0.64640001;0.224469760605
273.535353535;0.64640001;0.224348431211
274.545454545;0.64630001;0.224227677015
275.555555556;0.64640001;0.224107494147
276.565656566;0.64630001;0.223987875216
277.575757576;0.64630001;0.223868821825
278.585858586;0.64630001;0.22375032412
279.595959596;0.64620001;0.22363237925
280.606060606;0.64610001;0.223514983392
281.616161616;0.64620001;0.223398135098
282.626262626;0.64620001;0.223281829023
283.636363636;0.64610001;0.223166059565
284.646464646;0.64610001;0.2230508217
285.656565657;0.64610001;0.222936114057
286.666666667;0.64600001;0.222821929138
287.676767677;0.64600001;0.222708269707
288.686868687;0.64600001;0.222595126661
289.696969697;0.64600001;0.222482497952
290.707070707;0.64590001;0.222370378116
291.717171717;0.64590001;0.222258764343
292.727272727;0.64590001;0.222147655629
293.737373737;0.64590001;0.222037043174
294.747474747;0.64580001;0.221926925954
295.757575758;0.64580001;0.221817304068
296.767676768;0.64580001;0.221708168064
297.777777778;0.64580001;0.221599517354
298.787878788;0.64580001;0.221491349117
299.797979798;0.64570001;0.221383656828
300.808080808;0.64570001;0.221276441676
301.818181818;0.64570001;0.221169695938
302.828282828;0.64570001;0.221063420536
303.838383838;0.64570001;0.220957607158
304.848484848;0.64560001;0.220852256909
305.858585859;0.64570001;0.220747364196
306.868686869;0.64560001;0.22064292667
307.878787879;0.64560001;0.220538941367
308.888888889;0.64560001;0.220435405331
309.898989899;0.64560001;0.220332313153
310.909090909;0.64560001;0.220229665796
311.919191919;0.64560001;0.220127457621
312.929292929;0.64560001;0.220025684229
313.939393939;0.64560001;0.21992434673
314.949494949;0.64560001;0.219823437889
315.95959596;0.64550001;0.219722956431
316.96969697;0.64550001;0.219622901572
317.97979798;0.64550001;0.219523268573
318.98989899;0.64550001;0.219424054379
320;0.64550001;0.219325258948
321.01010101;0.64540001;0.219226872731
322.02020202;0.64550001;0.219128902538
323.03030303;0.64550001;0.219031336255
324.04040404;0.64550001;0.218934177339
325.050505051;0.64550001;0.218837419917
326.060606061;0.64550001;0.218741062927
327.070707071;0.64550001;0.218645105978
328.080808081;0.64550001;0.218549540997
329.090909091;0.64550001;0.218454369398
330.101010101;0.64550001;0.218359587739
331.111111111;0.64540001;0.218265190476
332.121212121;0.64540001;0.21817118173
333.131313131;0.64540001;0.218077554232
334.141414141;0.64540001;0.217984307874
335.151515152;0.64540001;0.217891437359
336.161616162;0.64540001;0.217798940914
337.171717172;0.64540001;0.217706817523
338.181818182;0.64540001;0.217615065095
339.191919192;0.64540001;0.217523679789
340.202020202;0.64540001;0.217432661753
341.212121212;0.64540001;0.21734200506
342.222222222;0.64540001;0.217251710347
343.232323232;0.64540001;0.217161774191
344.242424242;0.64540001;0.217072194123
345.252525253;0.64550001;0.216982970281
346.262626263;0.64540001;0.216894094528
347.272727273;0.64550001;0.216805572234
348.282828283;0.64550001;0.216717396647
349.292929293;0.64550001;0.216629566806
350.303030303;0.64550001;0.216542080857
351.313131313;0.64550001;0.21645493507
352.323232323;0.64550001;0.216368129055
353.333333333;0.64550001;0.216281658845
354.343434343;0.64550001;0.216195524945
355.353535354;0.64550001;0.216109724491
356.363636364;0.64550001;0.216024255046
357.373737374;0.64550001;0.215939112493
358.383838384;0.64550001;0.215854297215
359.393939394;0.64550001;0.215769808038
360.404040404;0.64550001;0.215685640429
361.414141414;0.64550001;0.215601798166
362.424242424;0.64550001;0.215518270862
363.434343434;0.64560001;0.215435062971
364.444444444;0.64560001;0.215352172786
365.454545455;0.64560001;0.215269594016
366.464646465;0.64560001;0.215187327255
367.474747475;0.64560001;0.215105370496
368.484848485;0.64560001;0.215023722505
369.494949495;0.64560001;0.214942378531
370.505050505;0.64560001;0.214861338579
371.515151515;0.64560001;0.214780603109
372.525252525;0.64560001;0.214700168062
373.535353535;0.64570001;0.214620033486
374.545454545;0.64570001;0.214540197177
375.555555556;0.64570001;0.21446065525
376.565656566;0.64570001;0.214381408121
377.575757576;0.64570001;0.214302454121
378.585858586;0.64570001;0.214223787229
379.595959596;0.64570001;0.214145411491
380.606060606;0.64570001;0.214067322139
381.616161616;0.64580001;0.2139895229
382.626262626;0.64580001;0.213912004543
383.636363636;0.64580001;0.213834769258
384.646464646;0.64580001;0.213757814908
385.656565657;0.64580001;0.213681138261
386.666666667;0.64580001;0.213604740048
387.676767677;0.64590001;0.213528619447
388.686868687;0.64590001;0.213452773664
389.696969697;0.64590001;0.21337719955
390.707070707;0.64590001;0.213301899097
391.717171717;0.64590001;0.213226867737
392.727272727;0.64590001;0.213152103457
393.737373737;0.64600001;0.213077607855
394.747474747;0.64600001;0.21300337845
395.757575758;0.64600001;0.212929413824
396.767676768;0.64600001;0.212855710615
397.777777778;0.64600001;0.212782267708
398.787878788;0.64600001;0.21270908594
399.797979798;0.64610001;0.212636164154
400.808080808;0.64610001;0.212563496969
401.818181818;0.64610001;0.212491086378
402.828282828;0.64610001;0.212418930635
403.838383838;0.64610001;0.212347026643
404.848484848;0.64620001;0.212275375706
405.858585859;0.64620001;0.212203973854
406.868686869;0.64620001;0.212132820856
407.878787879;0.64620001;0.21206191613
408.888888889;0.64620001;0.211991256773
409.898989899;0.64630001;0.211920843481
410.909090909;0.64630001;0.211850672405
411.919191919;0.64630001;0.211780744537
412.929292929;0.64630001;0.211711056703
413.939393939;0.64630001;0.21164160917
414.949494949;0.64640001;0.211572401311
415.95959596;0.64640001;0.21150342992
416.96969697;0.64640001;0.211434694499
417.97979798;0.64650001;0.211366194215
418.98989899;0.64650001;0.211297926724
420;0.64650001;0.211229889913
422.828282828;0.64660001;0.211040620839
425.656565657;0.64660001;0.210853133177
428.484848485;0.64670001;0.210667405431
431.313131313;0.64680001;0.210483415743
434.141414141;0.64690001;0.21030113582
436.96969697;0.64700001;0.210120541771
439.797979798;0.64700001;0.209941609331
442.626262626;0.64710001;0.209764316626
445.454545455;0.64720001;0.209588643839
448.282828283;0.64730001;0.20941456474
451.111111111;0.64730001;0.209242054871
453.939393939;0.64740001;0.209071097219
456.767676768;0.64750001;0.208901672591
459.595959596;0.64760001;0.208733758932
462.424242424;0.64760001;0.208567330769
465.252525253;0.64780001;0.208402377362
468.080808081;0.64790001;0.208238870258
470.909090909;0.64800001;0.20807679643
473.737373737;0.64810001;0.207916134591
476.565656566;0.64820001;0.207756866103
479.393939394;0.64830001;0.207598975928
482.222222222;0.64830001;0.207442439557
485.050505051;0.64840001;0.207287249232
487.878787879;0.64850001;0.207133380986
490.707070707;0.64860001;0.206980821271
493.535353535;0.64880001;0.20682955221
496.363636364;0.64880001;0.206679555039
499.191919192;0.64900001;0.206530818819
502.02020202;0.64910001;0.206383326028
504.848484848;0.64920001;0.206237059749
507.676767677;0.64930001;0.206092005163
510.505050505;0.64940001;0.205948150067
513.333333333;0.64950001;0.205805477732
516.161616162;0.64960001;0.205663974594
518.98989899;0.64970001;0.205523625882
521.818181818;0.64980001;0.205384417152
524.646464646;0.64990001;0.205246338087
527.474747475;0.65000001;0.20510937078
530.303030303;0.65010001;0.204973504849
533.131313131;0.65020001;0.204838728251
535.95959596;0.65030001;0.204705024849
538.787878788;0.65050001;0.204572386476
541.616161616;0.65060001;0.204440797922
544.444444444;0.65070001;0.20431024723
547.272727273;0.65080001;0.204180722411
550.101010101;0.65090001;0.20405221131
552.929292929;0.65110001;0.203924705092
555.757575758;0.65120001;0.203798190731
558.585858586;0.65130001;0.203672654674
561.414141414;0.65140001;0.203548091463
564.242424242;0.65150001;0.203424484727
567.070707071;0.65170001;0.203301828034
569.898989899;0.65180001;0.203180107237
572.727272727;0.65190001;0.203059315948
575.555555556;0.65200001;0.20293944043
578.383838384;0.65210001;0.202820470486
581.212121212;0.65230001;0.202702399486
584.04040404;0.65240001;0.202585216176
586.868686869;0.65250001;0.202468912164
589.696969697;0.65260001;0.202353474285
592.525252525;0.65270001;0.202238895724
595.353535354;0.65290001;0.202125169714
598.181818182;0.65300001;0.202012284317
601.01010101;0.65310001;0.201900231389
603.838383838;0.65320001;0.201788998218
606.666666667;0.65340001;0.201678585538
609.494949495;0.65350001;0.201568976555
612.323232323;0.65360001;0.201460165622
615.151515152;0.65370001;0.201352144769
617.97979798;0.65390001;0.201244910181
620.808080808;0.65400001;0.2011384445
623.636363636;0.65410001;0.201032745007
626.464646465;0.65430001;0.200927805718
629.292929293;0.65440001;0.200823616047
632.121212121;0.65450001;0.200720167809
634.949494949;0.65460001;0.200617455683
637.777777778;0.65480001;0.200515475428
640.606060606;0.65490001;0.200414210727
643.434343434;0.65500001;0.200313660346
646.262626263;0.65520001;0.200213820754
649.090909091;0.65530001;0.200114679166
651.919191919;0.65550001;0.200016229006
654.747474747;0.65560001;0.199918464506
657.575757576;0.65570001;0.199821380931
660.404040404;0.65590001;0.199724973131
663.232323232;0.65600001;0.199629228236
666.060606061;0.65610001;0.199534141497
668.888888889;0.65630001;0.199439713368
671.717171717;0.65640001;0.19934592997
674.545454545;0.65650001;0.199252788594
677.373737374;0.65670001;0.199160283019
680.202020202;0.65680001;0.199068405306
683.03030303;0.65690001;0.198977150424
685.858585859;0.65710001;0.198886514601
688.686868687;0.65720001;0.198796491994
691.515151515;0.65740001;0.19870707231
694.343434343;0.65750001;0.198618254279
697.171717172;0.65760001;0.198530032173
700;0.65780001;0.198442398065
705.050505051;0.65800001;0.198287358664
710.101010101;0.65820001;0.198134151756
715.151515152;0.65850001;0.197982748464
720.202020202;0.65870001;0.197833117383
725.252525253;0.65900001;0.19768523407
730.303030303;0.65920001;0.197539068182
735.353535354;0.65950001;0.197394591541
740.404040404;0.65970001;0.197251781912
745.454545455;0.66000001;0.197110610985
750.505050505;0.66020001;0.196971052143
755.555555556;0.66050001;0.196833082976
760.606060606;0.66070001;0.196696679262
765.656565657;0.66100001;0.19656181453
770.707070707;0.66120001;0.196428469181
775.757575758;0.66150001;0.196296618292
780.808080808;0.66170001;0.196166239358
785.858585859;0.66200001;0.196037313339
790.909090909;0.66230001;0.195909815536
795.95959596;0.66250001;0.195783726469
801.01010101;0.66280001;0.195659024696
806.060606061;0.66300001;0.195535691305
811.111111111;0.66330001;0.195413706449
816.161616162;0.66350001;0.195293049887
821.212121212;0.66380001;0.195173703338
826.262626263;0.66410001;0.195055650056
831.313131313;0.66430001;0.194938866384
836.363636364;0.66450001;0.194823339849
841.414141414;0.66480001;0.194709051879
846.464646465;0.66500001;0.194595982488
851.515151515;0.66530001;0.194484118612
856.565656566;0.66560001;0.194373443117
861.616161616;0.66580001;0.194263937586
866.666666667;0.66610001;0.194155585381
871.717171717;0.66630001;0.194048376607
876.767676768;0.66660001;0.193942287543
881.818181818;0.66680001;0.19383731081
886.868686869;0.66710001;0.193733428459
891.919191919;0.66740001;0.193630625909
896.96969697;0.66770001;0.193528886951
902.02020202;0.66790001;0.193428200809
907.070707071;0.66810001;0.193328551075
912.121212121;0.66840001;0.193229928033
917.171717172;0.66870001;0.193132317093
922.222222222;0.66890001;0.193035700411
927.272727273;0.66910001;0.192940070335
932.323232323;0.66940001;0.19284541536
937.373737374;0.66970001;0.192751719305
942.424242424;0.66990001;0.192658970588
947.474747475;0.67020001;0.192567159734
952.525252525;0.67050001;0.192476273724
957.575757576;0.67070001;0.192386297387
962.626262626;0.67100001;0.19229722707
967.676767677;0.67120001;0.19220904486
972.727272727;0.67150001;0.192121745604
977.777777778;0.67170001;0.192035310358
982.828282828;0.67200001;0.191949736694
987.878787879;0.67220001;0.191865009112
992.929292929;0.67250001;0.19178112116
997.97979798;0.67280001;0.191698060939
1003.03030303;0.67300001;0.191615816057
1008.08080808;0.67330001;0.191534379535
1013.13131313;0.67350001;0.191453743429
1018.18181818;0.67380001;0.191373895493
1023.23232323;0.67400001;0.191294824792
1028.28282828;0.67430001;0.191216525211
1033.33333333;0.67450001;0.191138988926
1038.38383838;0.67480001;0.191062204636
1043.43434343;0.67500001;0.190986163338
1048.48484848;0.67530001;0.190910857013
1053.53535354;0.67550001;0.190836277773
1058.58585859;0.67580001;0.19076241765
1063.63636364;0.67610001;0.190689268786
1068.68686869;0.67630001;0.190616821327
1073.73737374;0.67660001;0.190545068257
1078.78787879;0.67680001;0.190474002297
1083.83838384;0.67710001;0.19040361421
1088.88888889;0.67730001;0.190333895891
1093.93939394;0.67760001;0.190264843003
1098.98989899;0.67780001;0.190196445744
1104.04040404;0.67800001;0.190128698913
1109.09090909;0.67830001;0.190061593576
1114.14141414;0.67850001;0.189995123274
1119.19191919;0.67880001;0.189929281389
1124.24242424;0.67900001;0.189864058467
1129.29292929;0.67930001;0.189799451081
1134.34343434;0.67950001;0.189735453046
1139.39393939;0.67980001;0.189672055578
1144.44444444;0.68000001;0.189609253325
1149.49494949;0.68030001;0.189547039416
1154.54545455;0.68050001;0.18948540544
1159.5959596;0.68070001;0.189424349609
1164.64646465;0.68110001;0.189363866018
1169.6969697;0.68130001;0.189303942193
1174.74747475;0.68150001;0.189244575284
1179.7979798;0.68180001;0.189185765249
1184.84848485;0.68200001;0.189127497918
1189.8989899;0.68230001;0.189069774455
1194.94949495;0.68250001;0.189012586067
1200;0.68270001;0.188955923669
1210.1010101;0.68320001;0.188844172601
1220.2020202;0.68370001;0.188734474924
1230.3030303;0.68410001;0.188626787762
1240.4040404;0.68460001;0.188521073415
1250.50505051;0.68510001;0.188417294459
1260.60606061;0.68560001;0.188315410529
1270.70707071;0.68610001;0.188215383673
1280.80808081;0.68650001;0.188117175944
1290.90909091;0.68700001;0.188020755957
1301.01010101;0.68750001;0.187926088953
1311.11111111;0.68800001;0.187833137812
1321.21212121;0.68850001;0.187741873343
1331.31313131;0.68890001;0.18765225741
1341.41414141;0.68940001;0.187564268684
1351.51515152;0.68990001;0.187477870679
1361.61616162;0.69030001;0.187393031391
1371.71717172;0.69080001;0.18730972791
1381.81818182;0.69120001;0.187227926712
1391.91919192;0.69170001;0.187147606635
1402.02020202;0.69220001;0.187068736123
1412.12121212;0.69270001;0.186991290431
1422.22222222;0.69310001;0.186915242695
1432.32323232;0.69360001;0.186840566882
1442.42424242;0.69400001;0.186767241352
1452.52525253;0.69450001;0.186695241176
1462.62626263;0.69490001;0.18662454279
1472.72727273;0.69540001;0.186555124597
1482.82828283;0.69580001;0.186486961735
1492.92929293;0.69630001;0.186420034861
1503.03030303;0.69670001;0.186354323426
1513.13131313;0.69710001;0.186289799582
1523.23232323;0.69760001;0.186226454732
1533.33333333;0.69800001;0.186164259079
1543.43434343;0.69850001;0.186103199364
1553.53535354;0.69890001;0.186043252313
1563.63636364;0.69930001;0.185984398073
1573.73737374;0.69980001;0.185926626613
1583.83838384;0.70020001;0.185869911638
1593.93939394;0.70060001;0.185814239504
1604.04040404;0.70110001;0.18575959324
1614.14141414;0.70150001;0.18570595396
1624.24242424;0.70190001;0.185653303337
1634.34343434;0.70240001;0.185601634357
1644.44444444;0.70280001;0.1855509251
1654.54545455;0.70320001;0.185501158993
1664.64646465;0.70360001;0.185452319467
1674.74747475;0.70410001;0.185404398294
1684.84848485;0.70450001;0.185357376676
1694.94949495;0.70490001;0.185311241212
1705.05050505;0.70530001;0.185265979678
1715.15151515;0.70570001;0.185221574229
1725.25252525;0.70610001;0.185178012627
1735.35353535;0.70650001;0.185135285049
1745.45454545;0.70700001;0.185093378914
1755.55555556;0.70740001;0.185052279402
1765.65656566;0.70780001;0.185011971442
1775.75757576;0.70820001;0.184972449446
1785.85858586;0.70860001;0.184933693879
1795.95959596;0.70900001;0.184895698678
1806.06060606;0.70940001;0.18485845073
1816.16161616;0.70980001;0.184821938119
1826.26262626;0.71020001;0.184786152345
1836.36363636;0.71060001;0.184751079157
1846.46464646;0.71100001;0.184716710494
1856.56565657;0.71140001;0.184683036817
1866.66666667;0.71180001;0.184650046051
1876.76767677;0.71220001;0.184617725721
1886.86868687;0.71260001;0.184586072649
1896.96969697;0.71300001;0.184555068475
1907.07070707;0.71340001;0.184524711281
1917.17171717;0.71380001;0.184494988555
1927.27272727;0.71410001;0.184465889989
1937.37373737;0.71450001;0.184437409454
1947.47474747;0.71490001;0.184409537858
1957.57575758;0.71530001;0.184382264002
1967.67676768;0.71570001;0.184355581667
1977.77777778;0.71610001;0.18432948034
1987.87878788;0.71640001;0.184303953647
1997.97979798;0.71680001;0.184278993985
2008.08080808;0.71720001;0.184254591309
2018.18181818;0.71760001;0.184230739057
2028.28282828;0.71800001;0.184207432091
2038.38383838;0.71830001;0.184184654289
2048.48484848;0.71870001;0.184162410713
2058.58585859;0.71910001;0.184140683527
2068.68686869;0.71940001;0.184119469402
2078.78787879;0.71980001;0.184098763246
2088.88888889;0.72020001;0.18407855761
2098.98989899;0.72050001;0.184058838372
2109.09090909;0.72090001;0.184039611428
2119.19191919;0.72120001;0.184020858766
2129.29292929;0.72160001;0.184002582474
2139.39393939;0.72200001;0.18398477299
2149.49494949;0.72230001;0.183967418051
2159.5959596;0.72270001;0.183950522368
2169.6969697;0.72300001;0.183934071569
2179.7979798;0.72340001;0.183918065256
2189.8989899;0.72380001;0.183902493416
2200;0.72410001;0.183887350634
2220.2020202;0.72480001;0.1838583369
2240.4040404;0.72560001;0.183830977715
2260.60606061;0.72630001;0.183805226559
2280.80808081;0.72690001;0.18378104415
2301.01010101;0.72760001;0.183758393641
2321.21212121;0.72830001;0.183737230152
2341.41414141;0.72900001;0.183717518294
2361.61616162;0.72960001;0.183699219692
2381.81818182;0.73030001;0.183682301826
2402.02020202;0.73090001;0.183666725015
2422.22222222;0.73160001;0.183652463534
2442.42424242;0.73220001;0.183639475606
2462.62626263;0.73290001;0.183627735646
2482.82828283;0.73350001;0.183617212629
2503.03030303;0.73420001;0.183607874487
2523.23232323;0.73480001;0.183599691141
2543.43434343;0.73540001;0.183592637446
2563.63636364;0.73600001;0.183586680728
2583.83838384;0.73670001;0.183581801563
2604.04040404;0.73730001;0.183577973974
2624.24242424;0.73790001;0.183575163759
2644.44444444;0.73850001;0.183573352021
2664.64646465;0.73910001;0.1835725149
2684.84848485;0.73970001;0.183572629586
2705.05050505;0.74030001;0.183573673398
2725.25252525;0.74090001;0.183575622654
2745.45454545;0.74150001;0.183578456298
2765.65656566;0.74210001;0.183582156376
2785.85858586;0.74260001;0.183586697182
2806.06060606;0.74320001;0.183592068656
2826.26262626;0.74380001;0.183598237801
2846.46464646;0.74440001;0.183605198866
2866.66666667;0.74490001;0.183612925347
2886.86868687;0.74550001;0.183621401972
2907.07070707;0.74600001;0.183630611316
2927.27272727;0.74660001;0.183640537372
2947.47474747;0.74710001;0.183651162211
2967.67676768;0.74770001;0.183662473509
2987.87878788;0.74820001;0.183674449732
3008.08080808;0.74880001;0.183687079252
3028.28282828;0.74930001;0.183700344195
3048.48484848;0.74980001;0.183714235172
3068.68686869;0.75040001;0.183728735362
3088.88888889;0.75090001;0.183743827642
3109.09090909;0.75140001;0.183759505574
3129.29292929;0.75190001;0.183775747001
3149.49494949;0.75240001;0.183792549359
3169.6969697;0.75290001;0.183809888916
3189.8989899;0.75340001;0.183827763085
3210.1010101;0.75390001;0.183846156626
3230.3030303;0.75440001;0.183865056592
3250.50505051;0.75490001;0.183884451968
3270.70707071;0.75540001;0.183904331899
3290.90909091;0.75590001;0.18392468698
3311.11111111;0.75640001;0.183945502173
3331.31313131;0.75690001;0.183966773923
3351.51515152;0.75740001;0.183988484398
3371.71717172;0.75790001;0.184010632045
3391.91919192;0.75830001;0.184033200214
3412.12121212;0.75880001;0.184056180006
3432.32323232;0.75930001;0.184079565187
3452.52525253;0.75970001;0.184103346544
3472.72727273;0.76030001;0.184127518046
3492.92929293;0.76070001;0.184152059933
3513.13131313;0.76110001;0.184176976041
3533.33333333;0.76170001;0.184202252744
3553.53535354;0.76200001;0.184227880057
3573.73737374;0.76260001;0.184253854922
3593.93939394;0.76290001;0.18428016577
3614.14141414;0.76350001;0.184306806008
3634.34343434;0.76390001;0.184333768368
3654.54545455;0.76430001;0.184361047584
3674.74747475;0.76480001;0.184388634559
3694.94949495;0.76520001;0.184416520242
3715.15151515;0.76560001;0.18444470132
3735.35353535;0.76600001;0.184473168772
3755.55555556;0.76650001;0.184501922697
3775.75757576;0.76690001;0.184530945525
3795.95959596;0.76730001;0.184560241578
3816.16161616;0.76770001;0.184589793939
3836.36363636;0.76810001;0.184619608906
3856.56565657;0.76850001;0.184649670603
3876.76767677;0.76890001;0.184679980767
3896.96969697;0.76930001;0.184710527129
3917.17171717;0.76970001;0.184741308071
3937.37373737;0.77010001;0.184772317918
3957.57575758;0.77060001;0.184803553274
3977.77777778;0.77100001;0.184835004566
3997.97979798;0.77130001;0.184866665254
4018.18181818;0.77170001;0.184898538206
4038.38383838;0.77220001;0.184930616136
4058.58585859;0.77250001;0.184962886835
4078.78787879;0.77290001;0.184995354057
4098.98989899;0.77330001;0.185028011424
4119.19191919;0.77370001;0.18506085454
4139.39393939;0.77410001;0.18509387622
4159.5959596;0.77450001;0.185127073582
4179.7979798;0.77480001;0.185160440817
0.1545454545;1.62490001;0.275365285029
