0;254.812;0
0.001;254.843;214.297
0.002;254.875;214.324
0.003;254.907;214.35
0.004;254.939;214.377
0.005;254.97;214.404
0.006;255.002;214.43
0.007;255.034;214.457
0.008;255.065;214.483
0.009;255.097;214.51
0.01;255.128;214.536
0.011;255.159;214.563
0.012;255.191;214.589
0.013;255.222;214.615
0.014;255.253;214.642
0.015;255.284;214.668
0.016;255.316;214.694
0.017;255.347;214.72
0.018;255.378;214.746
0.019;255.409;214.772
0.02;255.44;214.798
0.021;255.471;214.824
0.022;255.502;214.85
0.023;255.533;214.876
0.024;255.563;214.902
0.025;255.594;214.928
0.026;255.625;214.954
0.027;255.656;214.98
0.028;255.686;215.006
0.029;255.717;215.031
0.03;255.747;215.057
0.031;255.778;215.083
0.032;255.808;215.108
0.033;255.839;215.134
0.034;255.869;215.159
0.035;255.899;215.185
0.036;255.93;215.21
0.037;255.96;215.236
0.038;255.99;215.261
0.039;256.02;215.286
0.04;256.05;215.312
0.041;256.08;215.337
0.042;256.11;215.362
0.043;256.14;215.387
0.044;256.17;215.413
0.045;256.2;215.438
0.046;256.23;215.463
0.047;256.26;215.488
0.048;256.289;215.513
0.049;256.319;215.538
0.05;256.349;215.563
0.051;256.378;215.588
0.052;256.408;215.613
0.053;256.437;215.637
0.054;256.467;215.662
0.055;256.496;215.687
0.056;256.526;215.712
0.057;256.555;215.736
0.058;256.584;215.761
0.059;256.614;215.785
0.06;256.643;215.81
0.061;256.672;215.834
0.062;256.701;215.859
0.063;256.73;215.883
0.064;256.759;215.908
0.065;256.788;215.932
0.066;256.817;215.956
0.067;256.846;215.981
0.068;256.875;216.005
0.069;256.903;216.029
0.07;256.932;216.053
0.071;256.961;216.077
0.072;256.989;216.102
0.073;257.018;216.126
0.074;257.047;216.15
0.075;257.075;216.174
0.076;257.104;216.197
0.077;257.132;216.221
0.078;257.16;216.245
0.079;257.189;216.269
0.08;257.217;216.293
0.081;257.245;216.317
0.082;257.273;216.34
0.083;257.301;216.364
0.084;257.33;216.388
0.085;257.358;216.411
0.086;257.386;216.435
0.087;257.414;216.458
0.088;257.441;216.482
0.089;257.469;216.505
0.09;257.497;216.528
0.091;257.525;216.552
0.092;257.553;216.575
0.093;257.58;216.598
0.094;257.608;216.622
0.095;257.635;216.645
0.096;257.663;216.668
0.097;257.691;216.691
0.098;257.718;216.714
0.099;257.745;216.737
0.1;257.773;216.76
0.101;257.8;216.783
0.102;257.827;216.806
0.103;257.854;216.829
0.104;257.882;216.852
0.105;257.909;216.875
0.106;257.936;216.897
0.107;257.963;216.92
0.108;257.99;216.943
0.109;258.017;216.965
0.11;258.044;216.988
0.111;258.07;217.01
0.112;258.097;217.033
0.113;258.124;217.055
0.114;258.151;217.078
0.115;258.177;217.1
0.116;258.204;217.123
0.117;258.23;217.145
0.118;258.257;217.167
0.119;258.283;217.19
0.12;258.31;217.212
0.121;258.336;217.234
0.122;258.362;217.256
0.123;258.389;217.278
0.124;258.415;217.3
0.125;258.441;217.322
0.126;258.467;217.344
0.127;258.493;217.366
0.128;258.519;217.388
0.129;258.545;217.41
0.13;258.571;217.432
0.131;258.597;217.453
0.132;258.623;217.475
0.133;258.649;217.497
0.134;258.675;217.519
0.135;258.7;217.54
0.136;258.726;217.562
0.137;258.752;217.583
0.138;258.777;217.605
0.139;258.803;217.626
0.14;258.828;217.648
0.141;258.854;217.669
0.142;258.879;217.69
0.143;258.904;217.712
0.144;258.93;217.733
0.145;258.955;217.754
0.146;258.98;217.775
0.147;259.005;217.796
0.148;259.03;217.818
0.149;259.055;217.839
0.15;259.08;217.86
0.151;259.105;217.881
0.152;259.13;217.902
0.153;259.155;217.922
0.154;259.18;217.943
0.155;259.204;217.964
0.156;259.229;217.985
0.157;259.254;218.006
0.158;259.278;218.026
0.159;259.303;218.047
0.16;259.327;218.068
0.161;259.352;218.088
0.162;259.376;218.109
0.163;259.401;218.129
0.164;259.425;218.15
0.165;259.449;218.17
0.166;259.474;218.19
0.167;259.498;218.211
0.168;259.522;218.231
0.169;259.546;218.251
0.17;259.57;218.271
0.171;259.594;218.292
0.172;259.618;218.312
0.173;259.642;218.332
0.174;259.666;218.352
0.175;259.689;218.372
0.176;259.713;218.392
0.177;259.737;218.412
0.178;259.761;218.432
0.179;259.784;218.452
0.18;259.808;218.471
0.181;259.831;218.491
0.182;259.855;218.511
0.183;259.878;218.531
0.184;259.902;218.55
0.185;259.925;218.57
0.186;259.948;218.589
0.187;259.971;218.609
0.188;259.995;218.628
0.189;260.018;218.648
0.19;260.041;218.667
0.191;260.064;218.687
0.192;260.087;218.706
0.193;260.11;218.725
0.194;260.133;218.745
0.195;260.155;218.764
0.196;260.178;218.783
0.197;260.201;218.802
0.198;260.224;218.821
0.199;260.246;218.84
0.2;260.269;218.859
0.201;260.291;218.878
0.202;260.314;218.897
0.203;260.336;218.916
0.204;260.359;218.935
0.205;260.381;218.954
0.206;260.403;218.972
0.207;260.426;218.991
0.208;260.448;219.01
0.209;260.47;219.028
0.21;260.492;219.047
0.211;260.514;219.065
0.212;260.536;219.084
0.213;260.558;219.102
0.214;260.58;219.121
0.215;260.602;219.139
0.216;260.624;219.158
0.217;260.646;219.176
0.218;260.667;219.194
0.219;260.689;219.212
0.22;260.711;219.231
0.221;260.732;219.249
0.222;260.754;219.267
0.223;260.775;219.285
0.224;260.797;219.303
0.225;260.818;219.321
0.226;260.839;219.339
0.227;260.861;219.357
0.228;260.882;219.375
0.229;260.903;219.393
0.23;260.924;219.41
0.231;260.945;219.428
0.232;260.966;219.446
0.233;260.987;219.463
0.234;261.008;219.481
0.235;261.029;219.499
0.236;261.05;219.516
0.237;261.071;219.534
0.238;261.092;219.551
0.239;261.112;219.569
0.24;261.133;219.586
0.241;261.154;219.603
0.242;261.174;219.621
0.243;261.195;219.638
0.244;261.215;219.655
0.245;261.236;219.672
0.246;261.256;219.689
0.247;261.276;219.706
0.248;261.297;219.723
0.249;261.317;219.74
0.25;261.337;219.757
0.251;261.357;219.774
0.252;261.377;219.791
0.253;261.397;219.808
0.254;261.417;219.825
0.255;261.437;219.842
0.256;261.457;219.858
0.257;261.477;219.875
0.258;261.497;219.892
0.259;261.517;219.908
0.26;261.536;219.925
0.261;261.556;219.941
0.262;261.575;219.958
0.263;261.595;219.974
0.264;261.615;219.991
0.265;261.634;220.007
0.266;261.653;220.023
0.267;261.673;220.04
0.268;261.692;220.056
0.269;261.711;220.072
0.27;261.73;220.088
0.271;261.75;220.104
0.272;261.769;220.12
0.273;261.788;220.136
0.274;261.807;220.152
0.275;261.826;220.168
0.276;261.845;220.184
0.277;261.864;220.2
0.278;261.882;220.216
0.279;261.901;220.232
0.28;261.92;220.247
0.281;261.939;220.263
0.282;261.957;220.279
0.283;261.976;220.294
0.284;261.994;220.31
0.285;262.013;220.326
0.286;262.031;220.341
0.287;262.05;220.357
0.288;262.068;220.372
0.289;262.086;220.387
0.29;262.104;220.403
0.291;262.123;220.418
0.292;262.141;220.433
0.293;262.159;220.448
0.294;262.177;220.464
0.295;262.195;220.479
0.296;262.213;220.494
0.297;262.231;220.509
0.298;262.249;220.524
0.299;262.266;220.539
0.3;262.284;220.554
0.301;262.302;220.569
0.302;262.319;220.584
0.303;262.337;220.598
0.304;262.355;220.613
0.305;262.372;220.628
0.306;262.39;220.642
0.307;262.407;220.657
0.308;262.424;220.672
0.309;262.442;220.686
0.31;262.459;220.701
0.311;262.476;220.715
0.312;262.493;220.73
0.313;262.51;220.744
0.314;262.528;220.758
0.315;262.545;220.773
0.316;262.562;220.787
0.317;262.578;220.801
0.318;262.595;220.815
0.319;262.612;220.83
0.32;262.629;220.844
0.321;262.646;220.858
0.322;262.662;220.872
0.323;262.679;220.886
0.324;262.696;220.9
0.325;262.712;220.914
0.326;262.729;220.928
0.327;262.745;220.941
0.328;262.761;220.955
0.329;262.778;220.969
0.33;262.794;220.983
0.331;262.81;220.996
0.332;262.827;221.01
0.333;262.843;221.023
0.334;262.859;221.037
0.335;262.875;221.05
0.336;262.891;221.064
0.337;262.907;221.077
0.338;262.923;221.091
0.339;262.939;221.104
0.34;262.954;221.117
0.341;262.97;221.131
0.342;262.986;221.144
0.343;263.002;221.157
0.344;263.017;221.17
0.345;263.033;221.183
0.346;263.048;221.196
0.347;263.064;221.209
0.348;263.079;221.222
0.349;263.095;221.235
0.35;263.11;221.248
0.351;263.125;221.261
0.352;263.14;221.274
0.353;263.156;221.287
0.354;263.171;221.299
0.355;263.186;221.312
0.356;263.201;221.325
0.357;263.216;221.337
0.358;263.231;221.35
0.359;263.246;221.362
0.36;263.26;221.375
0.361;263.275;221.387
0.362;263.29;221.4
0.363;263.305;221.412
0.364;263.319;221.424
0.365;263.334;221.437
0.366;263.349;221.449
0.367;263.363;221.461
0.368;263.378;221.473
0.369;263.392;221.485
0.37;263.406;221.497
0.371;263.421;221.509
0.372;263.435;221.521
0.373;263.449;221.533
0.374;263.463;221.545
0.375;263.477;221.557
0.376;263.491;221.569
0.377;263.506;221.581
0.378;263.52;221.593
0.379;263.533;221.604
0.38;263.547;221.616
0.381;263.561;221.628
0.382;263.575;221.639
0.383;263.589;221.651
0.384;263.602;221.662
0.385;263.616;221.674
0.386;263.63;221.685
0.387;263.643;221.697
0.388;263.657;221.708
0.389;263.67;221.719
0.39;263.684;221.731
0.391;263.697;221.742
0.392;263.71;221.753
0.393;263.724;221.764
0.394;263.737;221.775
0.395;263.75;221.786
0.396;263.763;221.797
0.397;263.776;221.808
0.398;263.789;221.819
0.399;263.802;221.83
0.4;263.815;221.841
0.401;263.828;221.852
0.402;263.841;221.863
0.403;263.854;221.873
0.404;263.866;221.884
0.405;263.879;221.895
0.406;263.892;221.906
0.407;263.904;221.916
0.408;263.917;221.927
0.409;263.929;221.937
0.41;263.942;221.948
0.411;263.954;221.958
0.412;263.966;221.968
0.413;263.979;221.979
0.414;263.991;221.989
0.415;264.003;221.999
0.416;264.015;222.01
0.417;264.028;222.02
0.418;264.04;222.03
0.419;264.052;222.04
0.42;264.064;222.05
0.421;264.076;222.06
0.422;264.087;222.07
0.423;264.099;222.08
0.424;264.111;222.09
0.425;264.123;222.1
0.426;264.135;222.11
0.427;264.146;222.12
0.428;264.158;222.129
0.429;264.169;222.139
0.43;264.181;222.149
0.431;264.192;222.158
0.432;264.204;222.168
0.433;264.215;222.178
0.434;264.226;222.187
0.435;264.238;222.197
0.436;264.249;222.206
0.437;264.26;222.215
0.438;264.271;222.225
0.439;264.282;222.234
0.44;264.293;222.243
0.441;264.304;222.253
0.442;264.315;222.262
0.443;264.326;222.271
0.444;264.337;222.28
0.445;264.348;222.289
0.446;264.359;222.298
0.447;264.369;222.307
0.448;264.38;222.316
0.449;264.391;222.325
0.45;264.401;222.334
0.451;264.412;222.343
0.452;264.422;222.352
0.453;264.433;222.36
0.454;264.443;222.369
0.455;264.453;222.378
0.456;264.464;222.386
0.457;264.474;222.395
0.458;264.484;222.404
0.459;264.494;222.412
0.46;264.504;222.421
0.461;264.514;222.429
0.462;264.524;222.438
0.463;264.534;222.446
0.464;264.544;222.454
0.465;264.554;222.463
0.466;264.564;222.471
0.467;264.574;222.479
0.468;264.583;222.487
0.469;264.593;222.495
0.47;264.603;222.504
0.471;264.612;222.512
0.472;264.622;222.52
0.473;264.631;222.528
0.474;264.641;222.536
0.475;264.65;222.543
0.476;264.66;222.551
0.477;264.669;222.559
0.478;264.678;222.567
0.479;264.687;222.575
0.48;264.697;222.582
0.481;264.706;222.59
0.482;264.715;222.598
0.483;264.724;222.605
0.484;264.733;222.613
0.485;264.742;222.62
0.486;264.751;222.628
0.487;264.76;222.635
0.488;264.768;222.643
0.489;264.777;222.65
0.49;264.786;222.657
0.491;264.794;222.665
0.492;264.803;222.672
0.493;264.812;222.679
0.494;264.82;222.686
0.495;264.829;222.694
0.496;264.837;222.701
0.497;264.846;222.708
0.498;264.854;222.715
0.499;264.862;222.722
0.5;264.87;222.729
0.501;264.879;222.736
0.502;264.887;222.742
0.503;264.895;222.749
0.504;264.903;222.756
0.505;264.911;222.763
0.506;264.919;222.769
0.507;264.927;222.776
0.508;264.935;222.783
0.509;264.943;222.789
0.51;264.951;222.796
0.511;264.958;222.802
0.512;264.966;222.809
0.513;264.974;222.815
0.514;264.981;222.822
0.515;264.989;222.828
0.516;264.996;222.835
0.517;265.004;222.841
0.518;265.011;222.847
0.519;265.019;222.853
0.52;265.026;222.859
0.521;265.033;222.866
0.522;265.041;222.872
0.523;265.048;222.878
0.524;265.055;222.884
0.525;265.062;222.89
0.526;265.069;222.896
0.527;265.076;222.902
0.528;265.083;222.908
0.529;265.09;222.913
0.53;265.097;222.919
0.531;265.104;222.925
0.532;265.111;222.931
0.533;265.118;222.936
0.534;265.124;222.942
0.535;265.131;222.948
0.536;265.138;222.953
0.537;265.144;222.959
0.538;265.151;222.964
0.539;265.157;222.97
0.54;265.164;222.975
0.541;265.17;222.981
0.542;265.176;222.986
0.543;265.183;222.991
0.544;265.189;222.997
0.545;265.195;223.002
0.546;265.201;223.007
0.547;265.208;223.012
0.548;265.214;223.017
0.549;265.22;223.022
0.55;265.226;223.027
0.551;265.232;223.032
0.552;265.238;223.037
0.553;265.244;223.042
0.554;265.249;223.047
0.555;265.255;223.052
0.556;265.261;223.057
0.557;265.267;223.062
0.558;265.272;223.067
0.559;265.278;223.071
0.56;265.283;223.076
0.561;265.289;223.081
0.562;265.294;223.085
0.563;265.3;223.09
0.564;265.305;223.094
0.565;265.311;223.099
0.566;265.316;223.103
0.567;265.321;223.108
0.568;265.326;223.112
0.569;265.332;223.116
0.57;265.337;223.121
0.571;265.342;223.125
0.572;265.347;223.129
0.573;265.352;223.133
0.574;265.357;223.138
0.575;265.362;223.142
0.576;265.367;223.146
0.577;265.371;223.15
0.578;265.376;223.154
0.579;265.381;223.158
0.58;265.386;223.162
0.581;265.39;223.166
0.582;265.395;223.17
0.583;265.4;223.174
0.584;265.404;223.177
0.585;265.409;223.181
0.586;265.413;223.185
0.587;265.417;223.189
0.588;265.422;223.192
0.589;265.426;223.196
0.59;265.43;223.199
0.591;265.435;223.203
0.592;265.439;223.206
0.593;265.443;223.21
0.594;265.447;223.213
0.595;265.451;223.217
0.596;265.455;223.22
0.597;265.459;223.223
0.598;265.463;223.227
0.599;265.467;223.23
0.6;265.471;223.233
0.601;265.474;223.236
0.602;265.478;223.24
0.603;265.482;223.243
0.604;265.486;223.246
0.605;265.489;223.249
0.606;265.493;223.252
0.607;265.496;223.255
0.608;265.5;223.258
0.609;265.503;223.261
0.61;265.507;223.264
0.611;265.51;223.266
0.612;265.513;223.269
0.613;265.517;223.272
0.614;265.52;223.275
0.615;265.523;223.277
0.616;265.526;223.28
0.617;265.529;223.283
0.618;265.532;223.285
0.619;265.535;223.288
0.62;265.538;223.29
0.621;265.541;223.293
0.622;265.544;223.295
0.623;265.547;223.298
0.624;265.55;223.3
0.625;265.553;223.302
0.626;265.556;223.305
0.627;265.558;223.307
0.628;265.561;223.309
0.629;265.563;223.311
0.63;265.566;223.314
0.631;265.569;223.316
0.632;265.571;223.318
0.633;265.574;223.32
0.634;265.576;223.322
0.635;265.578;223.324
0.636;265.581;223.326
0.637;265.583;223.328
0.638;265.585;223.33
0.639;265.587;223.331
0.64;265.59;223.333
0.641;265.592;223.335
0.642;265.594;223.337
0.643;265.596;223.339
0.644;265.598;223.34
0.645;265.6;223.342
0.646;265.602;223.343
0.647;265.603;223.345
0.648;265.605;223.347
0.649;265.607;223.348
0.65;265.609;223.35
0.651;265.611;223.351
0.652;265.612;223.352
0.653;265.614;223.354
0.654;265.615;223.355
0.655;265.617;223.356
0.656;265.618;223.358
0.657;265.62;223.359
0.658;265.621;223.36
0.659;265.623;223.361
0.66;265.624;223.362
0.661;265.625;223.363
0.662;265.627;223.365
0.663;265.628;223.366
0.664;265.629;223.367
0.665;265.63;223.367
0.666;265.631;223.368
0.667;265.632;223.369
0.668;265.633;223.37
0.669;265.634;223.371
0.67;265.635;223.372
0.671;265.636;223.373
0.672;265.637;223.373
0.673;265.638;223.374
0.674;265.639;223.375
0.675;265.639;223.375
0.676;265.64;223.376
0.677;265.641;223.376
0.678;265.641;223.377
0.679;265.642;223.377
0.68;265.642;223.378
0.681;265.643;223.378
0.682;265.643;223.379
0.683;265.644;223.379
0.684;265.644;223.379
0.685;265.645;223.38
0.686;265.645;223.38
0.687;265.645;223.38
0.688;265.645;223.38
0.689;265.646;223.38
0.69;265.646;223.381
0.691;265.646;223.381
0.692;265.646;223.381
0.693;265.646;223.381
0.694;265.646;223.381
0.695;265.646;223.381
0.696;265.646;223.381
0.697;265.646;223.38
0.698;265.645;223.38
0.699;265.645;223.38
0.7;265.645;223.38
0.701;265.645;223.38
0.702;265.644;223.379
0.703;265.644;223.379
0.704;265.644;223.379
0.705;265.643;223.378
0.706;265.643;223.378
0.707;265.642;223.378
0.708;265.642;223.377
0.709;265.641;223.377
0.71;265.64;223.376
0.711;265.64;223.375
0.712;265.639;223.375
0.713;265.638;223.374
0.714;265.637;223.374
0.715;265.637;223.373
0.716;265.636;223.372
0.717;265.635;223.371
0.718;265.634;223.371
0.719;265.633;223.37
0.72;265.632;223.369
0.721;265.631;223.368
0.722;265.63;223.367
0.723;265.629;223.366
0.724;265.627;223.365
0.725;265.626;223.364
0.726;265.625;223.363
0.727;265.624;223.362
0.728;265.622;223.361
0.729;265.621;223.36
0.73;265.62;223.359
0.731;265.618;223.357
0.732;265.617;223.356
0.733;265.615;223.355
0.734;265.614;223.354
0.735;265.612;223.352
0.736;265.61;223.351
0.737;265.609;223.349
0.738;265.607;223.348
0.739;265.605;223.347
0.74;265.604;223.345
0.741;265.602;223.344
0.742;265.6;223.342
0.743;265.598;223.34
0.744;265.596;223.339
0.745;265.594;223.337
0.746;265.592;223.335
0.747;265.59;223.334
0.748;265.588;223.332
0.749;265.586;223.33
0.75;265.584;223.328
0.751;265.582;223.327
0.752;265.579;223.325
0.753;265.577;223.323
0.754;265.575;223.321
0.755;265.572;223.319
0.756;265.57;223.317
0.757;265.568;223.315
0.758;265.565;223.313
0.759;265.563;223.311
0.76;265.56;223.309
0.761;265.558;223.306
0.762;265.555;223.304
0.763;265.552;223.302
0.764;265.55;223.3
0.765;265.547;223.298
0.766;265.544;223.295
0.767;265.542;223.293
0.768;265.539;223.291
0.769;265.536;223.288
0.77;265.533;223.286
0.771;265.53;223.283
0.772;265.527;223.281
0.773;265.524;223.278
0.774;265.521;223.276
0.775;265.518;223.273
0.776;265.515;223.271
0.777;265.512;223.268
0.778;265.509;223.265
0.779;265.506;223.263
0.78;265.502;223.26
0.781;265.499;223.257
0.782;265.496;223.254
0.783;265.492;223.252
0.784;265.489;223.249
0.785;265.486;223.246
0.786;265.482;223.243
0.787;265.479;223.24
0.788;265.475;223.237
0.789;265.472;223.234
0.79;265.468;223.231
0.791;265.464;223.228
0.792;265.461;223.225
0.793;265.457;223.222
0.794;265.453;223.219
0.795;265.45;223.216
0.796;265.446;223.212
0.797;265.442;223.209
0.798;265.438;223.206
0.799;265.434;223.203
0.8;265.43;223.199
0.801;265.426;223.196
0.802;265.422;223.193
0.803;265.418;223.189
0.804;265.414;223.186
0.805;265.41;223.182
0.806;265.406;223.179
0.807;265.402;223.175
0.808;265.397;223.172
0.809;265.393;223.168
0.81;265.389;223.165
0.811;265.385;223.161
0.812;265.38;223.157
0.813;265.376;223.154
0.814;265.371;223.15
0.815;265.367;223.146
0.816;265.362;223.142
0.817;265.358;223.138
0.818;265.353;223.135
0.819;265.349;223.131
0.82;265.344;223.127
0.821;265.339;223.123
0.822;265.335;223.119
0.823;265.33;223.115
0.824;265.325;223.111
0.825;265.32;223.107
0.826;265.316;223.103
0.827;265.311;223.099
0.828;265.306;223.095
0.829;265.301;223.091
0.83;265.296;223.086
0.831;265.291;223.082
0.832;265.286;223.078
0.833;265.281;223.074
0.834;265.276;223.069
0.835;265.271;223.065
0.836;265.265;223.061
0.837;265.26;223.056
0.838;265.255;223.052
0.839;265.25;223.048
0.84;265.244;223.043
0.841;265.239;223.039
0.842;265.234;223.034
0.843;265.228;223.03
0.844;265.223;223.025
0.845;265.217;223.02
0.846;265.212;223.016
0.847;265.206;223.011
0.848;265.201;223.006
0.849;265.195;223.002
0.85;265.19;222.997
0.851;265.184;222.992
0.852;265.178;222.987
0.853;265.173;222.983
0.854;265.167;222.978
0.855;265.161;222.973
0.856;265.155;222.968
0.857;265.149;222.963
0.858;265.143;222.958
0.859;265.137;222.953
0.86;265.132;222.948
0.861;265.126;222.943
0.862;265.12;222.938
0.863;265.113;222.933
0.864;265.107;222.928
0.865;265.101;222.923
0.866;265.095;222.918
0.867;265.089;222.912
0.868;265.083;222.907
0.869;265.077;222.902
0.87;265.07;222.897
0.871;265.064;222.891
0.872;265.058;222.886
0.873;265.051;222.881
0.874;265.045;222.875
0.875;265.038;222.87
0.876;265.032;222.864
0.877;265.025;222.859
0.878;265.019;222.853
0.879;265.012;222.848
0.88;265.006;222.842
0.881;264.999;222.837
0.882;264.992;222.831
0.883;264.986;222.826
0.884;264.979;222.82
0.885;264.972;222.814
0.886;264.966;222.809
0.887;264.959;222.803
0.888;264.952;222.797
0.889;264.945;222.791
0.89;264.938;222.786
0.891;264.931;222.78
0.892;264.924;222.774
0.893;264.917;222.768
0.894;264.91;222.762
0.895;264.903;222.756
0.896;264.896;222.75
0.897;264.889;222.744
0.898;264.882;222.738
0.899;264.875;222.732
0.9;264.867;222.726
0.901;264.86;222.72
0.902;264.853;222.714
0.903;264.846;222.708
0.904;264.838;222.702
0.905;264.831;222.695
0.906;264.824;222.689
0.907;264.816;222.683
0.908;264.809;222.677
0.909;264.801;222.67
0.91;264.794;222.664
0.911;264.786;222.658
0.912;264.779;222.651
0.913;264.771;222.645
0.914;264.763;222.639
0.915;264.756;222.632
0.916;264.748;222.626
0.917;264.74;222.619
0.918;264.733;222.613
0.919;264.725;222.606
0.92;264.717;222.6
0.921;264.709;222.593
0.922;264.701;222.586
0.923;264.693;222.58
0.924;264.685;222.573
0.925;264.677;222.566
0.926;264.67;222.56
0.927;264.661;222.553
0.928;264.653;222.546
0.929;264.645;222.539
0.93;264.637;222.533
0.931;264.629;222.526
0.932;264.621;222.519
0.933;264.613;222.512
0.934;264.605;222.505
0.935;264.596;222.498
0.936;264.588;222.491
0.937;264.58;222.484
0.938;264.571;222.477
0.939;264.563;222.47
0.94;264.555;222.463
0.941;264.546;222.456
0.942;264.538;222.449
0.943;264.529;222.442
0.944;264.521;222.435
0.945;264.512;222.427
0.946;264.504;222.42
0.947;264.495;222.413
0.948;264.487;222.406
0.949;264.478;222.398
0.95;264.469;222.391
0.951;264.46;222.384
0.952;264.452;222.377
0.953;264.443;222.369
0.954;264.434;222.362
0.955;264.425;222.354
0.956;264.417;222.347
0.957;264.408;222.339
0.958;264.399;222.332
0.959;264.39;222.324
0.96;264.381;222.317
0.961;264.372;222.309
0.962;264.363;222.302
0.963;264.354;222.294
0.964;264.345;222.287
0.965;264.336;222.279
0.966;264.327;222.271
0.967;264.317;222.264
0.968;264.308;222.256
0.969;264.299;222.248
0.97;264.29;222.24
0.971;264.281;222.233
0.972;264.271;222.225
0.973;264.262;222.217
0.974;264.253;222.209
0.975;264.243;222.201
0.976;264.234;222.193
0.977;264.224;222.185
0.978;264.215;222.177
0.979;264.205;222.169
0.98;264.196;222.161
0.981;264.186;222.153
0.982;264.177;222.145
0.983;264.167;222.137
0.984;264.158;222.129
0.985;264.148;222.121
0.986;264.138;222.113
0.987;264.129;222.105
0.988;264.119;222.097
0.989;264.109;222.089
0.99;264.099;222.08
0.991;264.09;222.072
0.992;264.08;222.064
0.993;264.07;222.056
0.994;264.06;222.047
0.995;264.05;222.039
0.996;264.04;222.031
0.997;264.03;222.022
0.998;264.02;222.014
0.999;264.01;222.005
1;264;221.997
