0.1;1.476680010001207;0.1517669492823026
0.1494949494949495;1.379600010000571;0.1531678482605723
0.198989898989899;1.313420010000137;0.1532301099218598
0.2484848484848485;1.263790009999812;0.152740745420327
0.297979797979798;1.224390009999554;0.151996698682932
0.3474747474747475;1.191960009999341;0.1511316505043712
0.396969696969697;1.164510009999161;0.1502124602973295
0.4464646464646466;1.140830009999006;0.1492748486056897
0.495959595959596;1.12009000999887;0.1483386735306215
0.5454545454545455;1.10168000999875;0.1474151758480081
0.594949494949495;1.085190009998642;0.1465106955414471
0.6444444444444445;1.070250009998544;0.145628680026761
0.693939393939394;1.056650009998455;0.1447708346491939
0.7434343434343434;1.044200009998373;0.1439377948398385
0.792929292929293;1.032720009998298;0.143129537864687
0.8424242424242424;1.022110009998229;0.1423456389547421
0.891919191919192;1.012220009998164;0.1415854291186343
0.9414141414141415;1.002990009998103;0.1408481003557053
0.990909090909091;0.9943700099981093;0.1401327739297724
1.04040404040404;0.9862600099981462;0.1394385405980728
1.08989898989899;0.9786300099981809;0.1387644889643974
1.13939393939394;0.9714200099982138;0.1381097256343966
1.188888888888889;0.9646000099982448;0.1374733830598958
1.238383838383839;0.9581400099982742;0.1368546283782484
1.287878787878788;0.9520000099983021;0.1362526669213181
1.337373737373738;0.9461500099983288;0.1356667396087201
1.386868686868687;0.9405800099983541;0.1350961304505842
1.436363636363637;0.9352600099983783;0.1345401594165952
1.485858585858586;0.9301700099984015;0.1339981851102244
1.535353535353536;0.9252900099984237;0.1334696008707618
1.584848484848485;0.9206300099984449;0.1329538345566869
1.634343434343434;0.9161500099984653;0.1324503450409165
1.683838383838384;0.911830009998485;0.1319586228869629
1.733333333333334;0.9076900099985038;0.1314781869474251
1.782828282828283;0.9037100099985219;0.1310085822494487
1.832323232323232;0.8998700099985394;0.1305493786607568
1.881818181818182;0.8961600099985563;0.130100170749129
1.931313131313132;0.8925700099985726;0.1296605738498292
1.980808080808081;0.8891200099985883;0.1292302243761918
2.030303030303031;0.8857700099986036;0.1288087776140651
2.07979797979798;0.8825500099986182;0.1283959069283231
2.129292929292929;0.8794100099986325;0.1279913033064114
2.178787878787879;0.8763700099986463;0.1275946725969163
2.228282828282829;0.8734400099986597;0.1272057355749489
2.277777777777778;0.8705900099986726;0.1268242270795166
2.327272727272728;0.8678200099986852;0.1264498949906377
2.376767676767677;0.8651300099986975;0.126082499108705
2.426262626262627;0.8625300099987093;0.1257218111232321
2.475757575757576;0.8599900099987209;0.1253676127148386
2.525252525252526;0.8575200099987321;0.1250196962751145
2.574747474747475;0.855120009998743;0.124677863993195
2.624242424242424;0.8527800099987537;0.1243419264303853
2.673737373737374;0.850510009998764;0.1240117022409983
2.723232323232324;0.8482900099987741;0.1236870198501602
2.772727272727273;0.846130009998784;0.123367713223833
2.822222222222222;0.8440200099987936;0.1230536236760664
2.871717171717172;0.8419700099988029;0.1227446006043341
2.921212121212121;0.839960009998812;0.1224404979237384
2.970707070707071;0.838000009998821;0.1221411777012834
3.02020202020202;0.8361000099988296;0.1218465051683325
3.06969696969697;0.8342200099988382;0.1215563526989896
3.11919191919192;0.8324100099988464;0.1212705977909523
3.168686868686869;0.8306300099988545;0.1209891215895039
3.218181818181819;0.8288900099988624;0.1207118107832435
3.267676767676768;0.8271800099988702;0.1204385562927928
3.317171717171717;0.8255200099988778;0.1201692528765461
3.366666666666667;0.8238900099988852;0.1199037990073031
3.416161616161616;0.8222900099988925;0.1196420980188231
3.465656565656566;0.8207400099988995;0.1193840559325841
3.515151515151516;0.8192100099989065;0.1191295816007431
3.564646464646465;0.8177100099989133;0.1188785884224539
3.614141414141415;0.81624000999892;0.1186309923944066
3.663636363636364;0.8148100099989265;0.118386712468692
3.713131313131314;0.8134100099989329;0.1181456696252127
3.762626262626263;0.8120300099989392;0.1179077886208505
3.812121212121212;0.8106800099989453;0.1176729962821541
3.861616161616162;0.8093500099989513;0.1174412220597103
3.911111111111111;0.8080500099989573;0.117212397483946
3.960606060606061;0.8067700099989631;0.1169864567897932
4.01010101010101;0.8055300099989687;0.1167633357593797
4.05959595959596;0.8043000099989743;0.1165429725485654
4.109090909090909;0.8031000099989798;0.1163253074623994
4.158585858585858;0.8019200099989852;0.1161102822539783
4.208080808080808;0.8007500099989905;0.1158978406998732
4.257575757575758;0.7996100099989957;0.1156879285228614
4.307070707070707;0.7985000099990007;0.1154804930077048
4.356565656565657;0.7974000099990057;0.115275482769133
4.406060606060606;0.7963200099990106;0.1150728488833328
4.455555555555556;0.7952500099990155;0.1148725416465814
4.505050505050505;0.7942100099990202;0.1146745150984011
4.554545454545455;0.7931900099990249;0.114478724401027
4.604040404040404;0.7921800099990295;0.1142851246152208
4.653535353535354;0.791190009999034;0.1140936733873349
4.703030303030303;0.7902100099990385;0.1139043287575589
4.752525252525253;0.7892700099990427;0.113717050786371
4.802020202020202;0.7883200099990471;0.1135317997185663
4.851515151515152;0.7873900099990513;0.1133485377003712
4.901010101010101;0.7864800099990554;0.1131672270753075
4.950505050505051;0.7855900099990595;0.1129878319749159
5;0.7847100099990635;0.1128103171187747
0.01;2.106810010005335;0.1202476516975911
0.01090909090909091;2.081050010005166;0.1219124124872902
0.01181818181818182;2.057510010005012;0.1234271597012972
0.01272727272727273;2.03582001000487;0.1248138049545899
0.01363636363636364;2.015700010004738;0.1260898542005444
0.01454545454545455;1.997000010004615;0.1272695031847558
0.01545454545454546;1.9794800100045;0.1283644229477385
0.01636363636363636;1.963000010004393;0.1293843301677506
0.01727272727272727;1.947520010004291;0.1303373835484861
0.01818181818181818;1.932850010004195;0.1312305226549568
0.01909090909090909;1.918950010004104;0.1320696823067016
0.02;1.905740010004017;0.1328599661095169
0.02090909090909091;1.893190010003935;0.1336058273176265
0.02181818181818182;1.881190010003857;0.1343111333855529
0.02272727272727273;1.869670010003781;0.1349793015048338
0.02363636363636364;1.858670010003709;0.135613336536024
0.02454545454545455;1.84811001000364;0.1362159101493388
0.02545454545454546;1.837980010003573;0.13678940247995
0.02636363636363637;1.828210010003509;0.1373359401465773
0.02727272727272727;1.818830010003448;0.1378574399187266
0.02818181818181818;1.809720010003388;0.1383556208032446
0.02909090909090909;1.800950010003331;0.1388320469602904
0.03;1.792470010003275;0.1392881292140337
0.03090909090909091;1.784270010003222;0.1397251574359647
0.03181818181818182;1.77633001000317;0.1401443011676792
0.03272727272727273;1.768590010003119;0.1405466385970742
0.03363636363636364;1.76112001000307;0.1409331531446077
0.03454545454545455;1.753840010003022;0.1413047462848729
0.03545454545454546;1.746790010002976;0.141662253717775
0.03636363636363637;1.739910010002931;0.1420064467932018
0.03727272727272728;1.733220010002887;0.1423380306431952
0.03818181818181818;1.726700010002844;0.1426576694095113
0.03909090909090909;1.720370010002803;0.1429659688966889
0.04;1.714150010002762;0.1432635003376903
0.04090909090909092;1.708120010002723;0.1435507900676072
0.04181818181818182;1.702220010002684;0.1438283338582301
0.04272727272727273;1.696460010002646;0.144096590882693
0.04363636363636365;1.690810010002609;0.1443559912050501
0.04454545454545455;1.685310010002573;0.1446069378729925
0.04545454545454546;1.679910010002538;0.1448498113242437
0.04636363636363637;1.674650010002503;0.1450849615023541
0.04727272727272728;1.66949001000247;0.1453127258935257
0.04818181818181819;1.664430010002437;0.1455334156352793
0.0490909090909091;1.659480010002404;0.1457473279015464
0.05;1.654640010002372;0.1459547399858662
0.05090909090909092;1.649880010002341;0.1461559153393394
0.05181818181818183;1.645230010002311;0.1463511037625229
0.05272727272727273;1.640630010002281;0.1465405388194689
0.05363636363636364;1.636140010002251;0.1467244421867394
0.05454545454545455;1.631740010002222;0.1469030247520806
0.05545454545454546;1.627400010002194;0.1470764884794017
0.05636363636363637;1.623160010002166;0.1472450220647782
0.05727272727272728;1.618980010002139;0.1474088033587018
0.05818181818181819;1.614850010002112;0.1475680066453591
0.0590909090909091;1.610830010002085;0.1477227902466333
0.06;1.606860010002059;0.1478733135956976
0.06090909090909092;1.602930010002034;0.1480197230226891
0.06181818181818183;1.599080010002008;0.1481621576074841
0.06272727272727273;1.595310010001984;0.1483007542759156
0.06363636363636364;1.591570010001959;0.1484356390212969
0.06454545454545454;1.587920010001935;0.148566933063078
0.06545454545454546;1.584310010001912;0.1486947566251768
0.06636363636363637;1.580760010001888;0.1488192189746029
0.06727272727272728;1.577260010001865;0.1489404290662826
0.06818181818181819;1.573810010001843;0.1490584858543713
0.06909090909090909;1.57039001000182;0.1491734903279096
0.07000000000000001;1.567060010001799;0.1492855348518247
0.07090909090909092;1.563750010001777;0.1493947101114989
0.07181818181818182;1.560490010001756;0.1495011045996743
0.07272727272727274;1.557280010001735;0.149604796556765
0.07363636363636364;1.554100010001714;0.1497058701599395
0.07454545454545454;1.550980010001693;0.1498043980725297
0.07545454545454545;1.547890010001673;0.1499004576257572
0.07636363636363637;1.544840010001653;0.1499941148775584
0.07727272727272728;1.541850010001633;0.1500854422828071
0.07818181818181819;1.538880010001614;0.1501745021225638
0.07909090909090909;1.535930010001595;0.1502613579603272
0.08;1.533060010001576;0.1503460736974644
0.0809090909090909;1.530190010001557;0.1504287029093355
0.08181818181818183;1.527390010001539;0.1505093043560264
0.08272727272727273;1.52459001000152;0.1505879320812392
0.08363636363636365;1.521840010001502;0.1506646396004504
0.08454545454545455;1.519110010001484;0.1507394738077469
0.08545454545454545;1.516430010001467;0.150812488094842
0.08636363636363636;1.51377001000145;0.1508837271072453
0.08727272727272728;1.511150010001432;0.1509532349039491
0.08818181818181819;1.508540010001415;0.1510210581663963
0.0890909090909091;1.505960010001398;0.1510872384379251
0.09;1.503450010001382;0.1511518169327286
0.09090909090909093;1.500930010001365;0.1512148336669266
0.09181818181818183;1.498430010001349;0.1512763260655107
0.09272727272727274;1.496000010001333;0.1513363321890408
0.09363636363636364;1.493570010001317;0.1513948858801914
0.09454545454545454;1.491130010001301;0.1514520255195956
0.09545454545454546;1.488770010001286;0.151507781896098
0.09636363636363636;1.48641001000127;0.1515621913402189
0.09727272727272727;1.484070010001255;0.1516152799442774
0.09818181818181818;1.48178001000124;0.1516670838819147
0.09909090909090909;1.479500010001225;0.1517176304076561
0.1;1.47725001000121;0.151766949344106
0.1;1.477200009999854;0.1517669683514239
0.101010101010101;1.474500009999854;0.151820350406874
0.102020202020202;1.472300009999854;0.1518723124922945
0.103030303030303;1.469700009999855;0.1519228454557967
0.104040404040404;1.467400009999855;0.1519720067894287
0.1050505050505051;1.465200009999855;0.1520198382299713
0.1060606060606061;1.462900009999855;0.1520663485267354
0.1070707070707071;1.460100009999856;0.1521115884678455
0.1080808080808081;1.458100009999856;0.1521556019627677
0.1090909090909091;1.455700009999856;0.1521983740597235
0.1101010101010101;1.453600009999856;0.1522399666834992
0.1111111111111111;1.451100009999857;0.1522804110856655
0.1121212121212121;1.449200009999857;0.1523197209308155
0.1131313131313131;1.447000009999857;0.1523579247776045
0.1141414141414142;1.444800009999857;0.152395047155254
0.1151515151515152;1.442800009999857;0.1524311081336046
0.1161616161616162;1.440500009999858;0.1524661433733991
0.1171717171717172;1.438300009999858;0.1525001783402108
0.1181818181818182;1.436400009999858;0.1525332240211504
0.1191919191919192;1.434200009999858;0.1525653072335285
0.1202020202020202;1.432200009999859;0.1525964389932469
0.1212121212121212;1.430100009999859;0.1526266605558141
0.1222222222222222;1.428300009999859;0.1526559769795384
0.1232323232323232;1.426100009999859;0.1526844203924431
0.1242424242424243;1.42410000999986;0.1527119942500055
0.1252525252525253;1.42210000999986;0.1527387226199603
0.1262626262626263;1.42020000999986;0.1527646295757406
0.1272727272727273;1.41850000999986;0.1527897427810865
0.1282828282828283;1.41650000999986;0.1528140495168534
0.1292929292929293;1.414600009999861;0.1528375704798418
0.1303030303030303;1.412700009999861;0.1528603563305405
0.1313131313131313;1.410900009999861;0.1528823957920947
0.1323232323232323;1.409100009999861;0.1529036923983951
0.1333333333333333;1.407300009999861;0.1529242875485765
0.1343434343434343;1.405500009999862;0.152944186182007
0.1353535353535354;1.403600009999862;0.1529634089150402
0.1363636363636364;1.401800009999862;0.1529819500013202
0.1373737373737374;1.400100009999862;0.1529998496900546
0.1383838383838384;1.398500009999862;0.1530170881459822
0.1393939393939394;1.396500009999863;0.1530337067361252
0.1404040404040404;1.394900009999863;0.1530497076719333
0.1414141414141414;1.393100009999863;0.1530651184010347
0.1424242424242424;1.391400009999863;0.1530799124296
0.1434343434343434;1.389800009999863;0.1530941287309745
0.1444444444444445;1.388300009999863;0.153107779486915
0.1454545454545454;1.386400009999864;0.1531208769168882
0.1464646464646465;1.385000009999864;0.1531334244524926
0.1474747474747475;1.383400009999864;0.1531454340665692
0.1484848484848485;1.381600009999864;0.1531569123292039
0.1494949494949495;1.380100009999864;0.153167860188134
0.1505050505050505;1.378300009999865;0.153178318686217
0.1515151515151515;1.377000009999865;0.1531882733496691
0.1525252525252525;1.375300009999865;0.1531977309073207
0.1535353535353536;1.373700009999865;0.1532067192528379
0.1545454545454545;1.372100009999865;0.1532152394515827
0.1555555555555556;1.370700009999865;0.1532232851117981
0.1565656565656566;1.369200009999866;0.1532308839018697
0.1575757575757576;1.367800009999866;0.1532380428338085
0.1585858585858586;1.366300009999866;0.1532447626820459
0.1595959595959596;1.364600009999866;0.1532510445531341
0.1606060606060606;1.363400009999866;0.1532569078158204
0.1616161616161616;1.361800009999866;0.1532623650203806
0.1626262626262626;1.360500009999867;0.1532674150024168
0.1636363636363636;1.358800009999867;0.1532720514662679
0.1646464646464647;1.357400009999867;0.1532763138837293
0.1656565656565657;1.355900009999867;0.1532801844351921
0.1666666666666667;1.354400009999867;0.1532836763089341
0.1676767676767677;1.353200009999867;0.1532867938046077
0.1686868686868687;1.351700009999868;0.1532895530490067
0.1696969696969697;1.350400009999868;0.1532919504715833
0.1707070707070707;1.348900009999868;0.1532939969644088
0.1717171717171717;1.347600009999868;0.1532956876228752
0.1727272727272727;1.346200009999868;0.1532970600976784
0.1737373737373737;1.344800009999868;0.1532980834081735
0.1747474747474748;1.343700009999868;0.1532987874163881
0.1757575757575758;1.342400009999869;0.1532991562638691
0.1767676767676768;1.340800009999869;0.1532992089560858
0.1777777777777778;1.339600009999869;0.1532989576708126
0.1787878787878788;1.338500009999869;0.1532983879768115
0.1797979797979798;1.337000009999869;0.1532975328871994
0.1808080808080808;1.335600009999869;0.1532963703878507
0.1818181818181818;1.334300009999869;0.1532949199301485
0.1828282828282828;1.33330000999987;0.1532931824139217
0.1838383838383839;1.33180000999987;0.1532911640668208
0.1848484848484849;1.33080000999987;0.1532888778478846
0.1858585858585859;1.32930000999987;0.153286303109629
0.1868686868686869;1.32820000999987;0.153283481862085
0.1878787878787879;1.32680000999987;0.1532803765535321
0.1888888888888889;1.32560000999987;0.1532770166645901
0.1898989898989899;1.32450000999987;0.1532734056246882
0.1909090909090909;1.323100009999871;0.1532695506999749
0.1919191919191919;1.322200009999871;0.1532654414505095
0.192929292929293;1.320800009999871;0.153261096102968
0.193939393939394;1.319600009999871;0.1532565093695303
0.194949494949495;1.318400009999871;0.1532516803481736
0.1959595959595959;1.317300009999871;0.1532466246672037
0.196969696969697;1.316200009999871;0.1532413557822011
0.197979797979798;1.314800009999872;0.1532358406597899
0.198989898989899;1.313800009999872;0.1532301286214637
0.2;1.312600009999872;0.1532241813077068
0.2;1.312700010000132;0.1532241712771384
0.203030303030303;1.30929001000011;0.1532050913769357
0.2060606060606061;1.305960010000088;0.1531841901733478
0.2090909090909091;1.302640010000066;0.1531615480650955
0.2121212121212121;1.299420010000045;0.1531372496587458
0.2151515151515151;1.296210010000024;0.153111370048804
0.2181818181818182;1.293090010000004;0.1530839806973257
0.2212121212121212;1.289990009999983;0.1530551528197508
0.2242424242424242;1.286950009999964;0.1530249508678429
0.2272727272727273;1.283950009999944;0.1529934375724383
0.2303030303030303;1.281000009999925;0.1529606721303435
0.2333333333333333;1.278100009999906;0.1529267100668137
0.2363636363636364;1.275230009999887;0.152891605363882
0.2393939393939394;1.272420009999868;0.1528554091736872
0.2424242424242424;1.26962000999985;0.1528181703219952
0.2454545454545455;1.266880009999832;0.1527799336405612
0.2484848484848485;1.264180009999814;0.1527407446126915
0.2515151515151515;1.261530009999797;0.1527006460213358
0.2545454545454546;1.25887000999978;0.1526596761635733
0.2575757575757576;1.256300009999763;0.1526178735121202
0.2606060606060606;1.253740009999746;0.1525752762585665
0.2636363636363637;1.251210009999729;0.1525319198289311
0.2666666666666667;1.248730009999713;0.1524878347781853
0.2696969696969697;1.246280009999697;0.1524430545444811
0.2727272727272727;1.243840009999681;0.1523976106438476
0.2757575757575758;1.241450009999665;0.1523515312187553
0.2787878787878788;1.23908000999965;0.1523048440386089
0.2818181818181819;1.236740009999635;0.1522575779014839
0.2848484848484849;1.23444000999962;0.1522097563398148
0.2878787878787879;1.232150009999605;0.1521614042548324
0.2909090909090909;1.22990000999959;0.1521125460022534
0.2939393939393939;1.227680009999575;0.1520632035321878
0.296969696969697;1.225480009999561;0.1520133985896031
0.3;1.223320009999547;0.1519631528794385
0.303030303030303;1.221170009999533;0.15191248507942
0.3060606060606061;1.219070009999519;0.1518614146801317
0.3090909090909091;1.216970009999505;0.1518099609020978
0.3121212121212121;1.214890009999491;0.1517581399959231
0.3151515151515152;1.212830009999478;0.1517059712361063
0.3181818181818182;1.210820009999465;0.151653466594218
0.3212121212121212;1.208810009999452;0.1516006462155683
0.3242424242424242;1.206820009999439;0.1515475232947257
0.3272727272727273;1.204850009999426;0.1514941125081578
0.3303030303030303;1.202910009999413;0.1514404267066535
0.3333333333333334;1.2010000099994;0.1513864813078071
0.3363636363636364;1.199090009999388;0.1513322871822892
0.3393939393939394;1.197200009999376;0.1512778574249203
0.3424242424242424;1.195350009999363;0.1512232048970869
0.3454545454545455;1.193520009999351;0.1511683397325845
0.3484848484848485;1.191690009999339;0.1511132737891716
0.3515151515151516;1.189900009999328;0.1510580169707351
0.3545454545454546;1.188090009999316;0.1510025795033631
0.3575757575757575;1.186350009999305;0.1509469726723983
0.3606060606060606;1.184600009999293;0.1508912040144893
0.3636363636363636;1.182840009999282;0.1508352839083179
0.3666666666666667;1.181160009999271;0.1507792208994972
0.3696969696969697;1.179430009999259;0.1507230238751764
0.3727272727272727;1.177750009999248;0.1506666996948921
0.3757575757575757;1.176090009999237;0.1506102589231291
0.3787878787878788;1.174430009999226;0.1505537064394155
0.3818181818181818;1.172800009999216;0.1504970500424408
0.3848484848484849;1.171180009999205;0.1504402981976207
0.3878787878787879;1.169570009999195;0.1503834571855154
0.3909090909090909;1.167980009999184;0.150326532253233
0.3939393939393939;1.166420009999174;0.1502695313999075
0.396969696969697;1.164860009999164;0.1502124605160784
0.4;1.163310009999154;0.1501553240810274
0.403030303030303;1.161780009999144;0.1500981302503412
0.4060606060606061;1.160240009999133;0.1500408827332067
0.4090909090909091;1.158730009999124;0.1499835876922747
0.4121212121212121;1.157250009999114;0.1499262502679861
0.4151515151515152;1.155770009999104;0.1498688735265374
0.4181818181818182;1.154280009999094;0.1498114658780002
0.4212121212121212;1.152840009999085;0.1497540284091137
0.4242424242424243;1.151380009999075;0.149696568074834
0.4272727272727272;1.149940009999066;0.1496390870937994
0.4303030303030303;1.148550009999057;0.1495815909177336
0.4333333333333333;1.147130009999048;0.1495240840508005
0.4363636363636364;1.145730009999038;0.1494665705983196
0.4393939393939394;1.144350009999029;0.1494090521744174
0.4424242424242424;1.14298000999902;0.1493515337190291
0.4454545454545454;1.141620009999011;0.149294019310301
0.4484848484848485;1.140260009999003;0.1492365105888639
0.4515151515151515;1.138930009998994;0.1491790127526274
0.4545454545454545;1.137580009998985;0.1491215283663237
0.4575757575757576;1.136250009998976;0.1490640600757659
0.4606060606060606;1.134970009998968;0.1490066109887878
0.4636363636363636;1.133650009998959;0.1489491847066087
0.4666666666666667;1.132370009998951;0.1488917818591235
0.4696969696969697;1.131080009998942;0.1488344074891544
0.4727272727272727;1.129830009998934;0.1487770630271726
0.4757575757575758;1.128560009998926;0.1487197508422282
0.4787878787878788;1.127300009998918;0.1486624745798218
0.4818181818181818;1.12606000999891;0.1486052342475018
0.4848484848484849;1.124850009998902;0.1485480346015955
0.4878787878787879;1.123610009998893;0.1484908759589204
0.4909090909090909;1.122410009998886;0.1484337616603539
0.493939393939394;1.121190009998878;0.1483766922787491
0.496969696969697;1.11999000999887;0.1483196709749969
0.5;1.118810009998862;0.148262699282028
0.001;2.843850010010163;0.07551298053622918
0.001090909090909091;2.813790010009966;0.07707328482298456
0.001181818181818182;2.786290010009786;0.0785246153939213
0.001272727272727273;2.76101001000962;0.07988156766500604
0.001363636363636364;2.737570010009467;0.08115594486965751
0.001454545454545455;2.715750010009324;0.08235738439328084
0.001545454545454546;2.69538001000919;0.08349393273662611
0.001636363636363636;2.676240010009065;0.08457230310529511
0.001727272727272727;2.658210010008947;0.08559823079082675
0.001818181818181818;2.641180010008835;0.0865765981295121
0.001909090909090909;2.62502001000873;0.08751165007802399
0.002;2.609660010008629;0.08840705006808269
0.002090909090909091;2.595030010008533;0.08926602262017391
0.002181818181818182;2.581100010008442;0.09009140225081023
0.002272727272727273;2.567740010008354;0.09088570420972833
0.002363636363636364;2.554960010008271;0.09165115560322944
0.002454545454545455;2.54267001000819;0.09238975254920494
0.002545454545454546;2.530880010008113;0.09310330370858136
0.002636363636363637;2.519520010008038;0.0937934015534224
0.002727272727272727;2.508580010007967;0.09446152435167218
0.002818181818181819;2.498000010007897;0.09510900206644798
0.002909090909090909;2.487800010007831;0.09573702859494571
0.003;2.477940010007766;0.09634671829231276
0.003090909090909091;2.468360010007703;0.09693908809197764
0.003181818181818182;2.459110010007643;0.09751506478698541
0.003272727272727273;2.450140010007584;0.09807549532576347
0.003363636363636364;2.441420010007527;0.0986211710041472
0.003454545454545455;2.432930010007471;0.09915282760830059
0.003545454545454546;2.424690010007417;0.09967113581685456
0.003636363636363636;2.416700010007365;0.1001767257060491
0.003727272727272728;2.408880010007314;0.1006701846390293
0.003818181818181819;2.401290010007264;0.1011520522196796
0.003909090909090909;2.393870010007215;0.101622835703111
0.004;2.386650010007168;0.1020830208259514
0.004090909090909091;2.379580010007122;0.1025330380284262
0.004181818181818182;2.372680010007076;0.1029733095893024
0.004272727272727274;2.365950010007032;0.1034042357109853
0.004363636363636364;2.359360010006989;0.1038261758834873
0.004454545454545455;2.352900010006947;0.1042394769694044
0.004545454545454545;2.346590010006905;0.1046444721850138
0.004636363636363636;2.340450010006865;0.1050414642788333
0.004727272727272728;2.334400010006826;0.1054307455183356
0.004818181818181819;2.328480010006787;0.1058125970861018
0.00490909090909091;2.322680010006749;0.106187275778604
0.005;2.316970010006711;0.1065550332433449
0.005090909090909091;2.311400010006675;0.1069160996324978
0.005181818181818182;2.305910010006639;0.1072707023265483
0.005272727272727274;2.300530010006604;0.1076190469622107
0.005363636363636364;2.295250010006569;0.1079613428815706
0.005454545454545455;2.290080010006535;0.1082977816772239
0.005545454545454546;2.284990010006502;0.1086285487141073
0.005636363636363637;2.279990010006469;0.1089538009039801
0.005727272727272728;2.275050010006437;0.1092737254448012
0.005818181818181819;2.270230010006405;0.1095884789703425
0.00590909090909091;2.265480010006374;0.1098982037467056
0.006;2.260810010006344;0.1102030552041563
0.006090909090909091;2.256200010006313;0.1105031605975285
0.006181818181818182;2.251640010006283;0.1107986691997743
0.006272727272727273;2.247210010006254;0.111089696345751
0.006363636363636364;2.242810010006226;0.1113763701001965
0.006454545454545455;2.238480010006197;0.1116588073225344
0.006545454545454546;2.234210010006169;0.1119371206506492
0.006636363636363637;2.230000010006142;0.1122114178545301
0.006727272727272728;2.225880010006115;0.1124818056890947
0.006818181818181819;2.221780010006088;0.1127483785574321
0.00690909090909091;2.217790010006062;0.113011242320009
0.007000000000000001;2.213800010006036;0.1132704806396548
0.007090909090909092;2.20990001000601;0.1135261944953868
0.007181818181818182;2.206020010005985;0.1137784550603429
0.007272727272727274;2.20223001000596;0.1140273537889488
0.007363636363636365;2.198440010005935;0.1142729730707826
0.007454545454545456;2.194740010005911;0.1145153869384443
0.007545454545454547;2.191070010005887;0.1147546664516268
0.007636363636363636;2.187450010005863;0.1149908881068946
0.007727272727272728;2.18391001000584;0.1152241217870667
0.007818181818181818;2.180370010005817;0.1154544347774525
0.007909090909090911;2.176880010005794;0.1156818876506854
0.008;2.173470010005771;0.1159065497207658
0.008090909090909091;2.170050010005749;0.116128476619632
0.008181818181818182;2.166700010005727;0.1163477312298339
0.008272727272727274;2.163370010005705;0.1165643659746014
0.008363636363636365;2.160100010005684;0.1167784413073671
0.008454545454545456;2.156850010005662;0.1169900068888686
0.008545454545454547;2.153630010005641;0.1171991166932206
0.008636363636363636;2.150480010005621;0.1174058203730289
0.008727272727272729;2.1473400100056;0.1176101692913132
0.008818181818181819;2.14423001000558;0.1178122038352844
0.008909090909090912;2.14117001000556;0.118011977226171
0.009000000000000001;2.13815001000554;0.1182095297204472
0.00909090909090909;2.13514001000552;0.1184049052916226
0.009181818181818183;2.132190010005501;0.1185981449576526
0.009272727272727273;2.129260010005482;0.1187892944595947
0.009363636363636366;2.126330010005463;0.1189783895529164
0.009454545454545455;2.123480010005444;0.1191654655693065
0.009545454545454548;2.120620010005425;0.1193505677348476
0.009636363636363637;2.117800010005407;0.1195337282081274
0.009727272727272727;2.115010010005388;0.1197149833398061
0.00981818181818182;2.11223001000537;0.1198943667232792
0.009909090909090909;2.109510010005352;0.1200719067615948
0.01;2.106810010005335;0.1202476516975911
0.0001;3.73160001000345;0.04179046255146924
0.0001090909090909091;3.694100010003371;0.04279314022979366
0.0001181818181818182;3.659800010003299;0.04373350886245735
0.0001272727272727273;3.628300010003232;0.04461988495103702
0.0001363636363636364;3.599400010003171;0.04545866645661648
0.0001454545454545455;3.572400010003114;0.04625518230478529
0.0001545454545454545;3.547400010003062;0.04701407007271349
0.0001636363636363636;3.524000010003012;0.04773894847457016
0.0001727272727272727;3.502000010002966;0.04843325209979958
0.0001818181818181818;3.480900010002921;0.04909945611427211
0.0001909090909090909;3.46120001000288;0.04974014429111555
0.0002;3.44240001000284;0.0503573815319588
0.0002090909090909091;3.424900010002803;0.05095291146685205
0.0002181818181818182;3.407700010002767;0.05152838087320011
0.0002272727272727273;3.391700010002733;0.052085326896883
0.0002363636363636364;3.3761000100027;0.05262484762533815
0.0002454545454545454;3.361400010002669;0.05314829346377396
0.0002545454545454546;3.347000010002639;0.05365653306736725
0.0002636363636363636;3.33340001000261;0.05415051213763585
0.0002727272727272727;3.319900010002582;0.05463119317641843
0.0002818181818181818;3.307500010002555;0.05509928320854235
0.0002909090909090909;3.295200010002529;0.05555546476054066
0.0003;3.283400010002504;0.05600038227987852
0.0003090909090909091;3.27170001000248;0.05643461963531856
0.0003181818181818182;3.260700010002457;0.05685872237817057
0.0003272727272727273;3.249700010002433;0.05727325671162128
0.0003363636363636364;3.239500010002412;0.05767859745108021
0.0003454545454545454;3.22910001000239;0.05807524989702012
0.0003545454545454546;3.219300010002369;0.05846360321790584
0.0003636363636363636;3.209800010002349;0.05884395403318211
0.0003727272727272727;3.200300010002329;0.05921666244056872
0.0003818181818181818;3.191600010002311;0.05958211303165616
0.0003909090909090909;3.182800010002292;0.05994061142931836
0.0004;3.173800010002273;0.06029234381207563
0.0004090909090909091;3.165600010002256;0.06063760205600424
0.0004181818181818182;3.157200010002238;0.06097680045648216
0.0004272727272727273;3.149100010002221;0.0613099906257232
0.0004363636363636363;3.141400010002205;0.06163745425652986
0.0004454545454545455;3.133900010002189;0.06195935543402639
0.0004545454545454545;3.126300010002173;0.06227601919573227
0.0004636363636363636;3.119100010002158;0.06258740582069061
0.0004727272727272727;3.111800010002142;0.06289391069825753
0.0004818181818181818;3.104800010002128;0.06319569829377181
0.0004909090909090909;3.097900010002113;0.06349271243801602
0.0005;3.091100010002099;0.06378527461643556
0.0005090909090909091;3.084700010002085;0.06407350286078491
0.0005181818181818182;3.077900010002071;0.06435760713764586
0.0005272727272727272;3.071500010002057;0.06463746872124759
0.0005363636363636364;3.065300010002044;0.06491349531645872
0.0005454545454545455;3.059300010002032;0.06518568487245809
0.0005545454545454546;3.053400010002019;0.06545404619319412
0.0005636363636363636;3.047300010002006;0.06571885837406742
0.0005727272727272727;3.041400010001994;0.0659801023766307
0.0005818181818181818;3.035600010001982;0.0662380028601503
0.0005909090909090909;3.03010001000197;0.06649259808013368
0.0005999999999999999;3.024500010001958;0.06674388505535502
0.0006090909090909092;3.019300010001947;0.06699201758700976
0.0006181818181818182;3.014000010001936;0.06723709012718813
0.0006272727272727273;3.008600010001925;0.06747920327272909
0.0006363636363636364;3.003500010001914;0.06771843537624894
0.0006454545454545455;2.998300010001903;0.06795477908138133
0.0006545454545454545;2.993300010001892;0.06818836032388165
0.0006636363636363636;2.988400010001882;0.06841928471674613
0.0006727272727272728;2.983600010001872;0.06864755371151716
0.0006818181818181819;2.978500010001861;0.06887315831263645
0.0006909090909090909;2.974000010001852;0.06909640152031868
0.0007000000000000001;2.969200010001841;0.06931711643441049
0.0007090909090909091;2.964700010001832;0.06953539821278622
0.0007181818181818182;2.960300010001823;0.06975140793458454
0.0007272727272727272;2.955500010001813;0.06996511255342279
0.0007363636363636365;2.951200010001803;0.07017659533435035
0.0007454545454545455;2.946700010001794;0.07038580103716391
0.0007545454545454546;2.942500010001785;0.07059293487252977
0.0007636363636363636;2.938200010001776;0.0707979894561995
0.0007727272727272727;2.934200010001768;0.0710009687694214
0.0007818181818181819;2.929800010001758;0.07120190980318417
0.000790909090909091;2.92610001000175;0.0714008831876036
0.0008;2.922000010001742;0.07159792901870714
0.0008090909090909092;2.918100010001734;0.071793108894527
0.0008181818181818182;2.913900010001725;0.0719864615988903
0.0008272727272727273;2.910000010001716;0.07217791895153494
0.0008363636363636363;2.906300010001709;0.07236776829902361
0.0008454545454545455;2.902600010001701;0.07255564770871747
0.0008545454545454546;2.898500010001692;0.07274189291763716
0.0008636363636363637;2.894700010001684;0.07292650548973779
0.0008727272727272727;2.891300010001677;0.07310950096298814
0.0008818181818181819;2.887600010001669;0.0732907677653809
0.0008909090909090909;2.884100010001662;0.07347049296563157
0.0009;2.880300010001654;0.07364867317520982
0.0009090909090909092;2.877100010001647;0.07382533009825759
0.0009181818181818182;2.873400010001639;0.07400042666996892
0.0009272727272727273;2.870200010001632;0.07417408179553088
0.0009363636363636364;2.866800010001625;0.07434625515316798
0.0009454545454545454;2.863200010001618;0.07451704853144711
0.0009545454545454546;2.85970001000161;0.07468638691335935
0.0009636363636363636;2.856800010001604;0.07485440285603957
0.0009727272727272728;2.853500010001597;0.07502104238935502
0.0009818181818181818;2.85000001000159;0.07518631739293474
0.0009909090909090909;2.847000010001584;0.07535030498753144
0.001;2.843700010001577;0.07551300014082006
1e-05;4.906500010001904;0.02184723608398694
1.090909090909091e-05;4.854000010002026;0.02240050313532414
1.181818181818182e-05;4.806200010002137;0.02292133704793482
1.272727272727273e-05;4.762700010002239;0.02341398007811725
1.363636363636364e-05;4.722600010002332;0.02388184514470803
1.454545454545455e-05;4.685200010002419;0.02432746218894313
1.545454545454545e-05;4.651100010002499;0.0247532793790646
1.636363636363637e-05;4.618900010002574;0.02516130649010648
1.727272727272727e-05;4.588600010002645;0.02555300470266772
1.818181818181818e-05;4.56030001000271;0.025930016622258
1.909090909090909e-05;4.533500010002773;0.02629355750221166
2e-05;4.508200010002832;0.02664466141502846
2.090909090909091e-05;4.484300010002888;0.02698411297980891
2.181818181818182e-05;4.461400010002941;0.02731297942782479
2.272727272727273e-05;4.439800010002991;0.02763197342397215
2.363636363636364e-05;4.41900001000304;0.02794161128249285
2.454545454545455e-05;4.399300010003086;0.02824270773128492
2.545454545454545e-05;4.380000010003131;0.02853568179849457
2.636363636363637e-05;4.362000010003173;0.02882115562375447
2.727272727272728e-05;4.344500010003213;0.02909937140706074
2.818181818181818e-05;4.327500010003253;0.02937081711622035
2.909090909090909e-05;4.311100010003291;0.02963591095745163
3e-05;4.295600010003327;0.02989495481822768
3.090909090909091e-05;4.280500010003363;0.03014827238465854
3.181818181818182e-05;4.265900010003397;0.03039599681871846
3.272727272727273e-05;4.251800010003429;0.03063869886070081
3.363636363636364e-05;4.237600010003463;0.03087633103992858
3.454545454545455e-05;4.224800010003492;0.03110944472823291
3.545454545454546e-05;4.211700010003523;0.03133788340526929
3.636363636363637e-05;4.199000010003552;0.03156215285986946
3.727272727272728e-05;4.18720001000358;0.0317822228600943
3.818181818181819e-05;4.175100010003608;0.03199830495942995
3.909090909090909e-05;4.163600010003635;0.03221063377524166
4e-05;4.152400010003661;0.03241931810615324
4.090909090909091e-05;4.141400010003687;0.03262441816044673
4.181818181818182e-05;4.130800010003711;0.03282626594275263
4.272727272727273e-05;4.120400010003736;0.03302479054781435
4.363636363636364e-05;4.11000001000376;0.03322024309654717
4.454545454545455e-05;4.100200010003783;0.0334126348210602
4.545454545454545e-05;4.090400010003806;0.03360221510299974
4.636363636363636e-05;4.081100010003827;0.0337889620424805
4.727272727272727e-05;4.071900010003849;0.03397288746612215
4.818181818181819e-05;4.06280001000387;0.03415427007587366
4.909090909090909e-05;4.053700010003891;0.03433308759332651
5e-05;4.045300010003911;0.0345094277835095
5.090909090909091e-05;4.036600010003931;0.0346834324700363
5.181818181818182e-05;4.02840001000395;0.0348551060868108
5.272727272727273e-05;4.01990001000397;0.03502461431339149
5.363636363636363e-05;4.012000010003988;0.03519173552873221
5.454545454545455e-05;4.004200010004006;0.03535690409419787
5.545454545454546e-05;3.99660001000401;0.0355199816393799
5.636363636363637e-05;3.989100010003994;0.03568102812983599
5.727272727272727e-05;3.981400010003977;0.03584016596129103
5.818181818181818e-05;3.974200010003962;0.03599742190736688
5.90909090909091e-05;3.966900010003947;0.03615286748057362
6e-05;3.959900010003932;0.03630653979753784
6.090909090909091e-05;3.953000010003918;0.03645835570234127
6.181818181818182e-05;3.946300010003903;0.03660861170907861
6.272727272727274e-05;3.939600010003889;0.03675707065209548
6.363636363636364e-05;3.932800010003875;0.03690405782717475
6.454545454545455e-05;3.926500010003862;0.03704945763809771
6.545454545454546e-05;3.920100010003848;0.03719319848526715
6.636363636363638e-05;3.913700010003835;0.03733551795741934
6.727272727272729e-05;3.907400010003821;0.03747638935853283
6.818181818181818e-05;3.901500010003809;0.03761579700114485
6.90909090909091e-05;3.895200010003796;0.03775378851445885
7.000000000000001e-05;3.889500010003784;0.0378904226207568
7.090909090909092e-05;3.883400010003771;0.03802577994098593
7.181818181818182e-05;3.878000010003759;0.0381597899220757
7.272727272727273e-05;3.872100010003747;0.03829257630863515
7.363636363636364e-05;3.866500010003735;0.03842399804005228
7.454545454545455e-05;3.861300010003724;0.03855429645922036
7.545454545454546e-05;3.855500010003712;0.03868335752693545
7.636363636363636e-05;3.850200010003701;0.03881125115265506
7.727272727272727e-05;3.84510001000369;0.038938040082367
7.818181818181818e-05;3.839800010003679;0.03906362084039605
7.90909090909091e-05;3.834700010003668;0.03918819672754834
8.000000000000001e-05;3.829500010003657;0.03931162738916523
8.09090909090909e-05;3.824600010003647;0.03943388036892067
8.181818181818183e-05;3.819400010003636;0.0395552753715504
8.272727272727273e-05;3.814600010003625;0.03967560804912233
8.363636363636364e-05;3.809700010003615;0.03979502320525929
8.454545454545455e-05;3.804900010003605;0.03991327343741451
8.545454545454545e-05;3.800200010003595;0.04003060464850552
8.636363636363637e-05;3.795700010003586;0.04014712653103198
8.727272727272727e-05;3.791100010003576;0.04026255345740024
8.818181818181818e-05;3.786500010003566;0.04037707377333764
8.909090909090909e-05;3.782000010003557;0.04049083133771303
8.999999999999999e-05;3.777300010003547;0.04060361242759349
9.09090909090909e-05;3.773100010003538;0.04071556035551821
9.181818181818183e-05;3.768500010003528;0.04082662842539495
9.272727272727274e-05;3.764200010003519;0.04093685528722083
9.363636363636364e-05;3.760200010003511;0.0410463081184932
9.454545454545455e-05;3.755800010003501;0.04115494005456827
9.545454545454546e-05;3.751700010003493;0.0412628168358148
9.636363636363637e-05;3.747700010003484;0.04136982902664637
9.727272727272727e-05;3.743500010003475;0.04147616134198631
9.818181818181818e-05;3.739400010003467;0.04158167048619468
9.909090909090909e-05;3.735700010003459;0.04168643341541889
0.0001;3.73160001000345;0.04179046255146924
0.2;1.312600009999872;0.1532241813077068
