50;0.839000009999924;1.350598346929669
100;0.7313000099999358;1.367565886780688
129.2929292929293;0.6943000099999399;1.372608522654842
158.5858585858586;0.6655000099999431;1.376183160368555
187.8787878787879;0.6427000099999456;1.378874622232353
217.1717171717172;0.6243000099999476;1.380986365562984
246.4646464646465;0.6077000099999494;1.382693677617531
275.7575757575758;0.593700009999951;1.384105871995429
305.0505050505051;0.5813000099999523;1.385295108764431
334.3434343434344;0.5702000099999536;1.386311182056498
363.6363636363636;0.5602000099999547;1.387189711373572
392.929292929293;0.5512000099999557;1.387956935962261
422.2222222222222;0.5429000099999566;1.388632639589739
451.5151515151515;0.5352000099999574;1.389232084457961
480.8080808080808;0.5281000099999582;1.389767232876857
510.1010101010101;0.5215000099999589;1.390247617000144
539.3939393939394;0.5154000099999596;1.39068093457632
568.6868686868687;0.5096000099999602;1.391073471355539
597.9797979797979;0.5042000099999608;1.391430429423164
627.2727272727273;0.4991000099999613;1.391756136799155
656.5656565656566;0.4942000099999619;1.392054239400196
685.8585858585859;0.4896000099999624;1.392327833339238
715.1515151515151;0.4852000099999629;1.39257955491452
744.4444444444445;0.4811000099999633;1.392811676148216
773.7373737373738;0.4771000099999638;1.393026156282292
803.030303030303;0.4733000099999642;1.393224702786264
832.3232323232323;0.4696000099999646;1.393408805190079
861.6161616161617;0.466100009999965;1.393579774081802
890.9090909090909;0.4628000099999653;1.393738768071939
920.2020202020202;0.4595000099999657;1.39388680312334
949.4949494949495;0.456500009999966;1.394024795206802
978.7878787878788;0.4534000099999664;1.394153547041397
1008.080808080808;0.4506000099999667;1.39427379408801
1037.373737373737;0.447800009999967;1.394386181858997
1066.666666666667;0.4450000099999673;1.394491298647921
1095.959595959596;0.4425000099999676;1.394589680756801
1125.252525252525;0.4400000099999679;1.394681802475446
1154.545454545455;0.4374000099999681;1.394768097120376
1183.838383838384;0.4351000099999684;1.394848971807789
1213.131313131313;0.4328000099999686;1.394924781357185
1242.424242424242;0.4306000099999689;1.394995859313273
1271.717171717172;0.4284000099999691;1.395062505294115
1301.010101010101;0.4262000099999694;1.395125001073303
1330.30303030303;0.4242000099999696;1.395183602250868
1359.59595959596;0.4221000099999698;1.395238542422298
1388.888888888889;0.42020000999997;1.395290044613037
1418.181818181818;0.4182000099999703;1.395338301169076
1447.474747474748;0.4163000099999705;1.395383503106722
1476.767676767677;0.4145000099999707;1.395425824372374
1506.060606060606;0.4127000099999709;1.395465421705403
1535.353535353535;0.411000009999971;1.395502445953102
1564.646464646465;0.4093000099999712;1.395537034784646
1593.939393939394;0.4076000099999714;1.395569315533209
1623.232323232323;0.4060000099999716;1.395599411303185
1652.525252525252;0.4044000099999718;1.395627433883259
1681.818181818182;0.402800009999972;1.395653486415366
1711.111111111111;0.4013000099999721;1.395677670464547
1740.40404040404;0.3998000099999723;1.395700077853922
1769.69696969697;0.3984000099999724;1.39572079481428
1798.989898989899;0.3969000099999726;1.395739899204152
1828.282828282828;0.3955000099999728;1.395757473111445
1857.575757575758;0.3941000099999729;1.395773585171169
1886.868686868687;0.3928000099999731;1.395788305275021
1916.161616161616;0.3914000099999732;1.395801692581699
1945.454545454545;0.3901000099999734;1.39581381391182
1974.747474747475;0.3888000099999735;1.395824720818625
2004.040404040404;0.3876000099999736;1.395834471708536
2033.333333333333;0.3863000099999738;1.395843112037248
2062.626262626262;0.3851000099999739;1.395850695804888
2091.919191919192;0.383900009999974;1.395857263841213
2121.212121212121;0.3828000099999742;1.395862863041695
2150.50505050505;0.3816000099999743;1.395867528752749
2179.79797979798;0.3805000099999744;1.395871306703173
2209.090909090909;0.3793000099999745;1.395874226761216
2238.383838383838;0.3782000099999747;1.395876329392987
2267.676767676768;0.3771000099999748;1.395877645310971
2296.969696969697;0.3760000099999749;1.395878206864145
2326.262626262626;0.375000009999975;1.395878046056941
2355.555555555556;0.3740000099999751;1.395877190038661
2384.848484848485;0.3730000099999752;1.395875665097674
2414.141414141414;0.3719000099999754;1.395873494983074
2443.434343434344;0.3709000099999755;1.395870709746794
2472.727272727273;0.3700000099999756;1.395867333482437
2502.020202020202;0.3690000099999757;1.395863382836385
2531.313131313131;0.3680000099999758;1.395858882993441
2560.606060606061;0.3671000099999759;1.395853857577817
2589.89898989899;0.366200009999976;1.395848321517557
2619.191919191919;0.3652000099999761;1.395842293389427
2648.484848484848;0.3643000099999762;1.395835795261544
2677.777777777778;0.3634000099999763;1.395828843072922
2707.070707070707;0.3626000099999764;1.395821454414652
2736.363636363636;0.3617000099999765;1.395813640633328
2765.656565656566;0.3609000099999766;1.395805422860128
2794.949494949495;0.3600000099999767;1.395796809622318
2824.242424242424;0.3592000099999768;1.395787820880663
2853.535353535353;0.3583000099999769;1.395778463564894
2882.828282828283;0.3575000099999769;1.39576875718751
2912.121212121212;0.356700009999977;1.395758710494926
2941.414141414141;0.3559000099999771;1.395748336341659
2970.707070707071;0.3551000099999772;1.395737645237951
3000;0.3543000099999773;1.395726648103174
0.1;2.412800010000667;0.8678151980634488
0.604040404040404;1.839400009999814;1.07420995935335
1.108080808080808;1.667800009999833;1.132703017931027
1.612121212121212;1.567300009999844;1.165473349663328
2.116161616161616;1.497000009999851;1.187597838006561
2.62020202020202;1.443500009999857;1.20399459016666
3.124242424242424;1.400300009999862;1.216854765930917
3.628282828282829;1.364500009999866;1.227334520711545
4.132323232323232;1.333700009999869;1.236113858311014
4.636363636363636;1.307000009999872;1.243624304195825
5.14040404040404;1.283300009999875;1.250155687492532
5.644444444444444;1.262200009999877;1.255911354988098
6.148484848484848;1.243000009999879;1.261039035698766
6.652525252525251;1.225600009999881;1.265649214386776
7.156565656565657;1.209600009999883;1.269826492970266
7.66060606060606;1.194900009999885;1.273636931181934
8.164646464646465;1.181100009999886;1.277133087740273
8.668686868686867;1.168400009999888;1.280357354233621
9.172727272727272;1.156500009999889;1.283344376157464
9.676767676767676;1.14530000999989;1.286122843925284
10.18080808080808;1.134600009999891;1.288716712840871
10.68484848484848;1.124700009999893;1.291146191131126
11.18888888888889;1.115100009999894;1.293428481446234
11.69292929292929;1.106100009999895;1.295578314649331
12.1969696969697;1.097500009999895;1.29760840644939
12.7010101010101;1.089300009999896;1.29952979938571
13.2050505050505;1.081600009999897;1.301352141443818
13.70909090909091;1.074100009999898;1.303083906984273
14.21313131313131;1.066900009999899;1.304732549637497
14.71717171717172;1.0600000099999;1.306304696645481
15.22121212121212;1.0534000099999;1.30780626288949
15.72525252525252;1.047000009999901;1.309242502361454
16.22929292929293;1.040800009999902;1.310618134641968
16.73333333333333;1.035000009999902;1.311937426238124
17.23737373737374;1.029100009999903;1.313204211116256
17.74141414141414;1.023600009999904;1.314421969847092
18.24545454545455;1.018300009999904;1.31559386031229
18.74949494949495;1.013100009999905;1.316722767050953
19.25353535353536;1.008000009999905;1.317811295204301
19.75757575757576;1.003100009999906;1.318861869581434
20.26161616161616;0.9984000099999064;1.319876693230962
20.76565656565657;0.9937000099999069;1.32085778536119
21.26969696969697;0.9893000099999074;1.321807026170868
21.77373737373737;0.9849000099999079;1.322726121150914
22.27777777777778;0.9805000099999084;1.323616685447002
22.78181818181818;0.9764000099999088;1.32448018326221
23.28585858585859;0.9723000099999093;1.325317984583853
23.78989898989899;0.9684000099999097;1.326131373438608
24.29393939393939;0.9646000099999101;1.326921534327366
24.7979797979798;0.9608000099999106;1.327689559186118
25.3020202020202;0.957100009999911;1.328436499424571
25.80606060606061;0.9536000099999113;1.329163316883104
26.31010101010101;0.9500000099999117;1.329870895150358
26.81414141414141;0.9466000099999121;1.330560112931578
27.31818181818182;0.9432000099999125;1.331231749192288
27.82222222222222;0.9399000099999129;1.331886540716184
28.32626262626263;0.9367000099999132;1.332525214368346
28.83030303030303;0.9336000099999135;1.333148424332699
29.33434343434343;0.9304000099999139;1.333756777723116
29.83838383838384;0.9275000099999142;1.334350878445059
30.34242424242424;0.9245000099999146;1.334931283703107
30.84646464646465;0.9215000099999149;1.335498514090804
31.35050505050505;0.9186000099999152;1.336053077657523
31.85454545454546;0.9158000099999155;1.336595436065027
32.35858585858586;0.9131000099999158;1.337126042422469
32.86262626262626;0.9103000099999161;1.337645307573666
33.36666666666667;0.9077000099999164;1.338153651790484
33.87070707070707;0.9051000099999167;1.338651448021072
34.37474747474747;0.902500009999917;1.33913907327149
34.87878787878788;0.9000000099999172;1.339616853508561
35.38282828282829;0.8975000099999175;1.340085130809871
35.88686868686869;0.8950000099999178;1.340544215928764
36.39090909090909;0.8926000099999181;1.340994419121087
36.89494949494949;0.8903000099999183;1.341436010353931
37.3989898989899;0.8878000099999186;1.341869275663412
37.90303030303031;0.8856000099999188;1.342294470519323
38.40707070707071;0.8834000099999191;1.342711848222575
38.91111111111111;0.8811000099999193;1.343121646739655
39.41515151515151;0.8789000099999196;1.343524090487624
39.91919191919192;0.8768000099999198;1.343919409351893
40.42323232323233;0.87470000999992;1.344307799898749
40.92727272727273;0.8726000099999203;1.344689471700441
41.43131313131313;0.8705000099999205;1.345064618418284
41.93535353535353;0.8684000099999207;1.345433422019932
42.43939393939394;0.8665000099999209;1.345796066532859
42.94343434343435;0.8644000099999212;1.346152711680369
43.44747474747474;0.8624000099999214;1.346503529256806
43.95151515151515;0.8605000099999216;1.346848677794733
44.45555555555556;0.8586000099999218;1.347188309839649
44.95959595959596;0.856700009999922;1.34752256772416
45.46363636363637;0.8548000099999222;1.347851597555896
45.96767676767676;0.8530000099999224;1.348175530528935
46.47171717171717;0.8511000099999226;1.348494496053634
46.97575757575758;0.8494000099999228;1.348808633276183
47.47979797979798;0.847600009999923;1.349118048665659
47.98383838383838;0.8458000099999232;1.349422860028452
48.48787878787878;0.8441000099999234;1.349723191887038
48.99191919191919;0.8424000099999236;1.350019143761945
49.4959595959596;0.8407000099999238;1.350310827027769
49.99999999999999;0.839000009999924;1.350598346929669
50;0.838800009999924;1.350598344732189
54.54545454545455;0.8245000099999256;1.353018225395257
59.09090909090909;0.811700009999927;1.35516750658202
63.63636363636364;0.7999000099999283;1.357093143851918
68.18181818181819;0.7890000099999295;1.358831319742072
72.72727272727272;0.7790000099999306;1.360410509352201
77.27272727272728;0.7696000099999316;1.361853422567834
81.81818181818181;0.7609000099999326;1.363178453061354
86.36363636363637;0.7528000099999335;1.364400698152893
90.90909090909091;0.7450000099999343;1.365532641160406
95.45454545454545;0.7378000099999351;1.366584759118109
100;0.7309000099999359;1.367565883871039
104.5454545454545;0.7244000099999366;1.368483525599876
109.0909090909091;0.7182000099999373;1.369344137105595
113.6363636363636;0.7123000099999379;1.370153281757752
118.1818181818182;0.7067000099999385;1.370915790856782
122.7272727272727;0.7013000099999391;1.371635877501735
127.2727272727273;0.6961000099999397;1.372317245407993
131.8181818181818;0.6912000099999402;1.372963163208105
136.3636363636364;0.6865000099999408;1.37357651626188
140.9090909090909;0.6819000099999413;1.374159879080471
145.4545454545454;0.6775000099999418;1.374715540299021
150;0.6732000099999422;1.375245562706443
154.5454545454546;0.6692000099999427;1.375751799907611
159.0909090909091;0.6652000099999431;1.376235906631582
163.6363636363636;0.6614000099999435;1.376699404367829
168.1818181818182;0.6577000099999439;1.377143657229449
172.7272727272727;0.6541000099999443;1.377569910677207
177.2727272727273;0.6506000099999447;1.377979297290482
181.8181818181818;0.6472000099999451;1.378372864966922
186.3636363636364;0.6440000099999454;1.378751552016062
190.9090909090909;0.6408000099999458;1.379116234770215
195.4545454545455;0.6377000099999461;1.379467720872646
200;0.6347000099999465;1.379806749188583
204.5454545454545;0.6317000099999468;1.380133997663787
209.0909090909091;0.6289000099999471;1.38045010705177
213.6363636363636;0.6261000099999474;1.380755660303607
218.1818181818182;0.6234000099999477;1.381051198426345
222.7272727272727;0.620700009999948;1.381337229732664
227.2727272727273;0.6181000099999483;1.381614227001083
231.8181818181818;0.6156000099999486;1.381882628872947
236.3636363636364;0.6131000099999488;1.382142843108084
240.9090909090909;0.6107000099999491;1.382395250808721
245.4545454545455;0.6083000099999494;1.382640217144302
250;0.6060000099999496;1.382878072366504
254.5454545454545;0.6038000099999499;1.383109143413218
259.0909090909091;0.6016000099999501;1.383333707087422
263.6363636363636;0.5994000099999504;1.383552055754598
268.1818181818182;0.5973000099999506;1.383764454286943
272.7272727272727;0.5952000099999508;1.383971139246154
277.2727272727273;0.593100009999951;1.384172349748397
281.8181818181818;0.5911000099999513;1.3843683087367
286.3636363636364;0.5891000099999515;1.384559220117708
290.9090909090909;0.5872000099999517;1.384745282551108
295.4545454545455;0.5853000099999519;1.384926683150711
300;0.5834000099999521;1.385103597310507
304.5454545454545;0.5816000099999523;1.385276191979865
309.0909090909091;0.5798000099999525;1.385444629663538
313.6363636363636;0.5780000099999527;1.385609055136437
318.1818181818182;0.5763000099999529;1.385769616932386
322.7272727272727;0.5746000099999531;1.385926449451861
327.2727272727273;0.5729000099999533;1.386079683662266
331.8181818181818;0.5712000099999535;1.386229442840954
336.3636363636364;0.5696000099999536;1.386375844050874
340.9090909090909;0.5680000099999538;1.386519004241249
345.4545454545454;0.566400009999954;1.386659021713673
350;0.5649000099999542;1.386796009953884
354.5454545454546;0.5634000099999543;1.386930055791601
359.0909090909091;0.5619000099999545;1.387061261322185
363.6363636363636;0.5603000099999547;1.387189715164403
368.1818181818182;0.5589000099999548;1.387315502322701
372.7272727272727;0.557500009999955;1.387438698169925
377.2727272727273;0.5560000099999551;1.387559388205479
381.8181818181818;0.5546000099999553;1.387677648439333
386.3636363636364;0.5533000099999554;1.387793548064184
390.9090909090909;0.5519000099999556;1.38790716230834
395.4545454545454;0.5506000099999557;1.388018545818704
400;0.5492000099999559;1.388127772967769
404.5454545454546;0.547900009999956;1.388234901160436
409.0909090909091;0.5466000099999562;1.388339991433814
413.6363636363636;0.5454000099999563;1.388443099011639
418.1818181818182;0.5441000099999564;1.388544280639608
422.7272727272727;0.5428000099999566;1.388643582789699
427.2727272727273;0.5416000099999567;1.38874106400905
431.8181818181818;0.5404000099999569;1.388836769549033
436.3636363636364;0.539200009999957;1.388930746390333
440.9090909090909;0.5380000099999571;1.389023037640596
445.4545454545454;0.5368000099999573;1.389113691521065
450;0.5357000099999574;1.389202749006968
454.5454545454546;0.5346000099999575;1.389290250061679
459.0909090909091;0.5334000099999576;1.389376230446967
463.6363636363636;0.5323000099999577;1.389460730680093
468.1818181818182;0.5312000099999579;1.389543791133977
472.7272727272727;0.530100009999958;1.389625444795264
477.2727272727273;0.5290000099999581;1.389705723628474
481.8181818181818;0.5280000099999582;1.389784662525759
486.3636363636364;0.5269000099999583;1.38986229453379
490.9090909090909;0.5259000099999585;1.389938646796106
495.4545454545454;0.5249000099999586;1.390013754200267
500;0.5238000099999587;1.390087644145621
500;0.5238000099999587;1.39008764437408
530.3030303030303;0.5176000099999594;1.390551092274261
560.6060606060606;0.5112000099999601;1.390968944186782
590.9090909090909;0.5058000099999607;1.39134727972604
621.2121212121212;0.5001000099999613;1.391691125364047
651.5151515151515;0.4950000099999618;1.39200467123956
681.8181818181818;0.4902000099999623;1.392291452141223
712.1212121212121;0.4857000099999628;1.392554461662578
742.4242424242425;0.4813000099999633;1.392796253598982
772.7272727272727;0.4772000099999638;1.393019033990234
803.030303030303;0.4733000099999642;1.393224702786264
833.3333333333333;0.4695000099999646;1.393414912438822
863.6363636363636;0.465900009999965;1.393591112655524
893.939393939394;0.4624000099999654;1.393754571640865
924.2424242424242;0.4591000099999658;1.393906413850452
954.5454545454545;0.4559000099999661;1.394047630223137
984.8484848484849;0.4528000099999664;1.39417910146776
1015.151515151515;0.4499000099999668;1.394301617944806
1045.454545454545;0.4471000099999671;1.39441588488682
1075.757575757576;0.4443000099999674;1.394522531248164
1106.060606060606;0.4415000099999677;1.394622127965349
1136.363636363636;0.439000009999968;1.394715197845385
1166.666666666667;0.4364000099999683;1.394802198599776
1196.969696969697;0.4340000099999685;1.394883559342772
1227.272727272727;0.4317000099999688;1.394959664951903
1257.575757575758;0.429400009999969;1.395030865231222
1287.878787878788;0.4271000099999693;1.395097480584314
1318.181818181818;0.4249000099999695;1.395159808449118
1348.484848484848;0.4228000099999698;1.395218118893969
1378.787878787879;0.42090000999997;1.395272661496487
1409.090909090909;0.4189000099999702;1.39532366161031
1439.393939393939;0.4168000099999704;1.395371327319558
1469.69696969697;0.4149000099999706;1.395415862839265
1500;0.4132000099999708;1.395457447358865
1530.30303030303;0.411400009999971;1.395496241743912
1560.606060606061;0.4096000099999712;1.39553240485755
1590.909090909091;0.4078000099999714;1.395566079672146
1621.212121212121;0.4061000099999716;1.395597403972661
1651.515151515152;0.4045000099999718;1.395626501546832
1681.818181818182;0.402800009999972;1.395653486415366
1712.121212121212;0.4013000099999721;1.395678473578426
1742.424242424242;0.3997000099999723;1.395701559661755
1772.727272727273;0.3982000099999725;1.395722844035224
1803.030303030303;0.3967000099999726;1.395742413064578
1833.333333333333;0.3953000099999728;1.395760354334501
1863.636363636364;0.3939000099999729;1.395776743625751
1893.939393939394;0.3925000099999731;1.395791656522567
1924.242424242424;0.3911000099999732;1.39580516189988
1954.545454545455;0.3897000099999734;1.395817326397355
1984.848484848485;0.3884000099999735;1.395828212180611
2015.151515151515;0.3872000099999737;1.395837878792934
2045.454545454545;0.3858000099999738;1.395846376505977
2075.757575757576;0.384600009999974;1.39585376376441
2106.060606060606;0.3834000099999741;1.395860085797172
2136.363636363636;0.3822000099999742;1.395865390644557
2166.666666666667;0.3810000099999744;1.395869721211315
2196.969696969697;0.3798000099999745;1.395873119288897
2227.272727272727;0.3786000099999746;1.39587562475251
2257.575757575758;0.3775000099999747;1.395877278633069
2287.878787878788;0.3764000099999749;1.395878113212131
2318.181818181818;0.375300009999975;1.395878162509954
2348.484848484848;0.3742000099999751;1.395877457940399
2378.787878787879;0.3731000099999752;1.395876031207899
2409.090909090909;0.3721000099999753;1.395873914169243
2439.393939393939;0.3711000099999754;1.395871131186808
2469.69696969697;0.3700000099999756;1.395867706860446
2500;0.3690000099999757;1.395863671405536
2530.30303030303;0.3680000099999758;1.395859046165584
2560.606060606061;0.3671000099999759;1.395853857577817
2590.909090909091;0.366100009999976;1.39584812021328
2621.212121212121;0.3652000099999761;1.39584186131117
2651.515151515152;0.3643000099999762;1.39583509917826
2681.818181818182;0.3633000099999763;1.39582784907701
2712.121212121212;0.3624000099999764;1.3958201357311
2742.424242424242;0.3615000099999765;1.3958119724833
2772.727272727273;0.3606000099999766;1.395803377023774
2803.030303030303;0.3598000099999767;1.395794367627294
2833.333333333333;0.3589000099999768;1.395784954803556
2863.636363636364;0.3580000099999769;1.395775154779158
2893.939393939394;0.357200009999977;1.395764985669296
2924.242424242424;0.3564000099999771;1.395754457474338
2954.545454545455;0.3556000099999772;1.395743583959899
2984.848484848485;0.3547000099999773;1.395732373427418
3015.151515151515;0.3540000099999773;1.395720847367779
3045.454545454545;0.3532000099999774;1.395709008690157
3075.757575757576;0.3524000099999775;1.395696870437773
3106.060606060606;0.3516000099999776;1.395684444058671
3136.363636363636;0.3509000099999777;1.39567174201982
3166.666666666667;0.3501000099999778;1.395658768822646
3196.969696969697;0.3493000099999778;1.395645536191588
3227.272727272727;0.3486000099999779;1.39563205667416
3257.575757575758;0.347900009999978;1.395618335637069
3287.878787878788;0.3472000099999781;1.39560438171529
3318.181818181818;0.3464000099999782;1.395590199857549
3348.484848484848;0.3458000099999782;1.395575807158899
3378.787878787879;0.3451000099999783;1.395561201341535
3409.090909090909;0.3444000099999784;1.395546393353063
3439.393939393939;0.3437000099999785;1.395531390273674
3469.69696969697;0.3430000099999785;1.395516198450799
3500;0.3423000099999786;1.395500823882506
0.01;3.270990010012961;0.5784907581673364
0.01090909090909091;3.235780010012731;0.5889549293473377
0.01181818181818182;3.20357001001252;0.5986473987223142
0.01272727272727273;3.173890010012325;0.6076750571986693
0.01363636363636364;3.146400010012145;0.6161238376270179
0.01454545454545455;3.120810010011978;0.6240638027598968
0.01545454545454546;3.096870010011821;0.6315529013558641
0.01636363636363636;3.074380010011673;0.6386396174694018
0.01727272727272727;3.053200010011535;0.6453649348703409
0.01818181818181818;3.033170010011403;0.6517638283297277
0.01909090909090909;3.014180010011279;0.6578663713837588
0.02;2.996140010011161;0.6636986601480159
0.02090909090909091;2.978970010011048;0.6692834348897585
0.02181818181818182;2.962560010010941;0.6746406735217635
0.02272727272727273;2.946870010010838;0.679788008343574
0.02363636363636364;2.93184001001074;0.6847410925063196
0.02454545454545455;2.917420010010645;0.6895138689819248
0.02545454545454546;2.903560010010554;0.694118834015356
0.02636363636363637;2.890220010010467;0.6985672169333655
0.02727272727272727;2.877360010010383;0.7028691462023401
0.02818181818181818;2.864950010010301;0.7070338022638006
0.02909090909090909;2.852970010010223;0.7110695158506274
0.03;2.841370010010147;0.7149838921143268
0.03090909090909091;2.830150010010073;0.7187838712361532
0.03181818181818182;2.819280010010002;0.72247580809965
0.03272727272727273;2.808740010009933;0.7260655599521696
0.03363636363636364;2.798510010009866;0.7295584874762746
0.03454545454545455;2.788560010009801;0.7329595752035615
0.03545454545454546;2.778900010009738;0.7362733975264973
0.03636363636363637;2.769490010009676;0.739504212105024
0.03727272727272728;2.760340010009616;0.7426559854272123
0.03818181818181818;2.751420010009558;0.7457323841048134
0.03909090909090909;2.742730010009501;0.7487368364046229
0.04;2.734250010009445;0.7516725329549832
0.04090909090909092;2.725980010009391;0.7545424679702292
0.04181818181818182;2.717900010009338;0.7573494287792101
0.04272727272727273;2.710010010009286;0.7600960495085159
0.04363636363636365;2.702290010009236;0.7627847885322951
0.04454545454545455;2.694750010009186;0.7654179584306228
0.04545454545454546;2.687380010009138;0.7679977383599609
0.04636363636363637;2.680150010009091;0.7705261780395377
0.04727272727272728;2.673080010009044;0.7730052264081936
0.04818181818181819;2.666150010008999;0.7754366929190364
0.0490909090909091;2.659360010008955;0.7778223188739208
0.05;2.652710010008911;0.7801637552858579
0.05090909090909092;2.646180010008868;0.7824625315800942
0.05181818181818183;2.639790010008826;0.7847201373776432
0.05272727272727273;2.633500010008785;0.7869379491657266
0.05363636363636364;2.627340010008745;0.7891173107118845
0.05454545454545455;2.621280010008705;0.7912594735152556
0.05545454545454546;2.615330010008666;0.7933656469554238
0.05636363636363637;2.609490010008628;0.7954369748943979
0.05727272727272728;2.60375001000859;0.7974745405501774
0.05818181818181819;2.598100010008553;0.7994793941698989
0.0590909090909091;2.592550010008517;0.8014525195951939
0.06;2.587090010008481;0.8033948681748601
0.06090909090909092;2.581720010008446;0.8053073543845922
0.06181818181818183;2.576440010008411;0.8071908331258191
0.06272727272727273;2.571230010008377;0.8090461411490237
0.06363636363636364;2.566110010008344;0.8108740736895399
0.06454545454545454;2.561060010008311;0.8126753916791702
0.06545454545454546;2.556100010008278;0.8144508398336703
0.06636363636363637;2.551210010008246;0.8162010999050076
0.06727272727272728;2.546380010008214;0.8179268574447109
0.06818181818181819;2.541630010008183;0.8196287514353076
0.06909090909090909;2.536940010008153;0.8213074149760784
0.07000000000000001;2.532330010008122;0.8229634397100768
0.07090909090909092;2.527770010008092;0.8245973982921611
0.07181818181818182;2.523280010008063;0.8262098607723969
0.07272727272727274;2.518850010008034;0.8278013300407496
0.07363636363636364;2.514480010008005;0.8293723465294902
0.07454545454545454;2.510160010007977;0.8309233970397962
0.07545454545454545;2.505910010007949;0.8324549606444983
0.07636363636363637;2.501700010007922;0.8339674973408483
0.07727272727272728;2.497560010007895;0.8354614547912759
0.07818181818181819;2.493460010007868;0.8369372523293616
0.07909090909090909;2.489410010007841;0.8383953151645375
0.08;2.485420010007815;0.8398360444245547
0.0809090909090909;2.481470010007789;0.8412598198116081
0.08181818181818183;2.477570010007764;0.8426670223487441
0.08272727272727273;2.473720010007738;0.8440580184772184
0.08363636363636365;2.469910010007713;0.8454331526949184
0.08454545454545455;2.466140010007689;0.8467927616417761
0.08545454545454545;2.462430010007664;0.8481371878970575
0.08636363636363636;2.45875001000764;0.8494667386375867
0.08727272727272728;2.455120010007616;0.8507817294492332
0.08818181818181819;2.451520010007593;0.8520824495094825
0.0890909090909091;2.44797001000757;0.8533692040742478
0.09;2.444450010007547;0.8546422601610746
0.09090909090909093;2.440980010007524;0.8559019047045676
0.09181818181818183;2.437540010007501;0.8571483931041264
0.09272727272727274;2.434130010007479;0.8583819881771432
0.09363636363636364;2.430760010007457;0.8596029398854259
0.09454545454545454;2.427430010007435;0.860811490495787
0.09545454545454546;2.424130010007413;0.8620078698278811
0.09636363636363636;2.420870010007392;0.8631923205953684
0.09727272727272727;2.417640010007371;0.8643650543604863
0.09818181818181818;2.41444001000735;0.8655262953255409
0.09909090909090909;2.411270010007329;0.8666762536509267
0.1;2.408130010007309;0.8678151265989303
0.1;2.418600010000679;0.8678152061317399
0.104040404040404;2.405000010000651;0.8727479159046061
0.1080808080808081;2.391900010000623;0.8774819616187611
0.1121212121212121;2.379000010000596;0.8820318587872428
0.1161616161616162;2.367100010000571;0.8864106840450536
0.1202020202020202;2.355300010000546;0.8906301715871187
0.1242424242424243;2.344000010000522;0.8947008956251336
0.1282828282828283;2.333100010000499;0.8986324029683261
0.1323232323232323;2.322500010000477;0.9024333869655949
0.1363636363636364;2.312300010000455;0.9061117066705671
0.1404040404040404;2.302500010000434;0.9096746104629464
0.1444444444444445;2.292800010000414;0.9131286929152314
0.1484848484848485;2.283500010000394;0.9164800381014803
0.1525252525252525;2.274700010000376;0.9197341849995279
0.1565656565656566;2.265600010000357;0.9228962505690882
0.1606060606060606;2.25750001000034;0.9259710628281279
0.1646464646464647;2.249000010000322;0.9289629784614795
0.1686868686868687;2.241100010000305;0.9318760721107303
0.1727272727272727;2.233100010000288;0.9347140963842197
0.1767676767676768;2.225500010000272;0.9374806348418104
0.1808080808080808;2.218000010000256;0.9401789686460508
0.1848484848484849;2.210600010000241;0.9428120796819199
0.1888888888888889;2.203600010000226;0.9453829314366871
0.192929292929293;2.196600010000211;0.9478941403451805
0.196969696969697;2.189800010000197;0.9503482976929418
0.201010101010101;2.183200010000183;0.9527476847018254
0.2050505050505051;2.176800010000169;0.9550945842697998
0.2090909090909091;2.170300010000155;0.9573911108448052
0.2131313131313131;2.164100010000142;0.9596391531033556
0.2171717171717172;2.15810001000013;0.9618406572996551
0.2212121212121212;2.152200010000117;0.963997306500835
0.2252525252525253;2.146100010000104;0.9661108379014183
0.2292929292929293;2.140500010000093;0.968182768689265
0.2333333333333333;2.13470001000008;0.970214590710469
0.2373737373737374;2.129200010000069;0.9722077147779556
0.2414141414141414;2.123900010000058;0.9741634997231169
0.2454545454545455;2.118500010000046;0.9760832318659692
0.2494949494949495;2.113300010000035;0.9779681013085602
0.2535353535353536;2.108100010000024;0.9798192974670556
0.2575757575757576;2.102900010000013;0.9816378122019941
0.2616161616161616;2.098100010000003;0.9834248172557403
0.2656565656565657;2.093400009999993;0.9851812436646762
0.2696969696969697;2.088300009999982;0.9869080408341057
0.2737373737373737;2.083800009999973;0.9886061274089374
0.2777777777777778;2.078900009999963;0.9902763343643722
0.2818181818181819;2.074500009999953;0.9919195723234002
0.2858585858585859;2.070100009999944;0.9935365711185125
0.2898989898989899;2.065500009999934;0.99512812858386
0.2939393939393939;2.061100009999925;0.9966949447451416
0.297979797979798;2.056900009999916;0.9982377151788637
0.302020202020202;2.052600009999907;0.9997571591873928
0.3060606060606061;2.048500009999898;1.001253836112962
0.3101010101010101;2.04450000999989;1.002728458304434
0.3141414141414142;2.040300009999881;1.00418154072067
0.3181818181818182;2.036300009999873;1.005613653745847
0.3222222222222222;2.032200009999864;1.007025407536187
0.3262626262626263;2.028600009999856;1.008417305165286
0.3303030303030303;2.024700009999848;1.00978983227024
0.3343434343434344;2.02070000999984;1.011143488669414
0.3383838383838384;2.017100009999832;1.012478725199247
0.3424242424242424;2.013500009999825;1.013796008645856
0.3464646464646465;2.009800009999817;1.015095813111788
0.3505050505050505;2.006100009999809;1.016378508577658
0.3545454545454546;2.002800009999802;1.017644574284325
0.3585858585858586;1.999300009999796;1.018894308084139
0.3626262626262626;1.995800009999797;1.020128150425149
0.3666666666666667;1.992100009999797;1.021346442298048
0.3707070707070708;1.988900009999797;1.022549564246611
0.3747474747474748;1.985400009999798;1.023737819658537
0.3787878787878788;1.982400009999798;1.024911593812066
0.3828282828282829;1.979000009999798;1.02607116159729
0.3868686868686869;1.975700009999799;1.027216842115281
0.3909090909090909;1.972400009999799;1.028348958987943
0.3949494949494949;1.969500009999799;1.029467804509371
0.398989898989899;1.9664000099998;1.030573635265363
0.4030303030303031;1.9631000099998;1.031666740158274
0.4070707070707071;1.9603000099998;1.032747353053047
0.4111111111111111;1.957200009999801;1.033815785118991
0.4151515151515152;1.954300009999801;1.034872232015078
0.4191919191919192;1.951200009999801;1.035916980335356
0.4232323232323233;1.948500009999802;1.036950254210667
0.4272727272727272;1.945300009999802;1.037972281881831
0.4313131313131313;1.942700009999802;1.038983254883638
0.4353535353535354;1.939900009999803;1.039983418864944
0.4393939393939394;1.936800009999803;1.040972992872633
0.4434343434343434;1.934000009999803;1.041952145465692
0.4474747474747475;1.931400009999804;1.042921112956249
0.4515151515151515;1.928900009999804;1.043880058016467
0.4555555555555556;1.926000009999804;1.044829202468303
0.4595959595959597;1.923600009999805;1.045768668705177
0.4636363636363636;1.920800009999805;1.04669867047619
0.4676767676767677;1.918200009999805;1.047619385024158
0.4717171717171718;1.915500009999805;1.048530966619882
0.4757575757575758;1.912900009999806;1.049433623863392
0.4797979797979798;1.910500009999806;1.050327419057718
0.4838383838383838;1.907800009999806;1.051212599990882
0.4878787878787879;1.905300009999807;1.052089275187658
0.491919191919192;1.902800009999807;1.052957624305851
0.495959595959596;1.900500009999807;1.053817726653369
0.5;1.897900009999807;1.054669791664703
0.5;1.897900009999807;1.054669791664703
0.5050505050505051;1.895100009999808;1.055723744253908
0.5101010101010101;1.892200009999808;1.05676550890426
0.5151515151515151;1.889300009999808;1.057795433887623
0.5202020202020202;1.886100009999809;1.058813746104974
0.5252525252525253;1.883400009999809;1.059820611849935
0.5303030303030303;1.880500009999809;1.060816338624741
0.5353535353535354;1.87780000999981;1.061801110454493
0.5404040404040404;1.87500000999981;1.062775155102057
0.5454545454545454;1.87210000999981;1.06373869309319
0.5505050505050505;1.86930000999981;1.064691894011625
0.5555555555555556;1.866900009999811;1.065635016919213
0.5606060606060606;1.864200009999811;1.066568195573143
0.5656565656565656;1.861500009999811;1.067491635318896
0.5707070707070707;1.858800009999812;1.068405528692943
0.5757575757575758;1.856300009999812;1.069310015800163
0.5808080808080808;1.853600009999812;1.070205346210136
0.5858585858585859;1.851000009999813;1.071091639887101
0.5909090909090909;1.848700009999813;1.071969042121072
0.5959595959595959;1.846000009999813;1.072837766666877
0.601010101010101;1.843500009999813;1.073697909072651
0.6060606060606061;1.841100009999814;1.074549654349399
0.6111111111111112;1.838700009999814;1.075393145690091
0.6161616161616161;1.836100009999814;1.076228524963336
0.6212121212121212;1.833900009999814;1.077055960824691
0.6262626262626263;1.831300009999815;1.077875531491363
0.6313131313131313;1.829000009999815;1.078687419461294
0.6363636363636364;1.826600009999815;1.079491723251528
0.6414141414141414;1.824500009999815;1.080288591130625
0.6464646464646464;1.822200009999816;1.081078159315318
0.6515151515151515;1.819900009999816;1.081860485758675
0.6565656565656566;1.817900009999816;1.082635775180347
0.6616161616161617;1.815500009999816;1.083404085530641
0.6666666666666666;1.813100009999817;1.084165516215559
0.6717171717171717;1.811300009999817;1.084920239811207
0.6767676767676768;1.808800009999817;1.085668296895056
0.6818181818181819;1.806900009999817;1.086409832017914
0.6868686868686869;1.804800009999818;1.087144955221662
0.6919191919191919;1.802600009999818;1.087873726381597
0.696969696969697;1.800400009999818;1.088596309058792
0.702020202020202;1.798200009999818;1.089312699329854
0.7070707070707071;1.796200009999819;1.090023079199729
0.7121212121212122;1.794300009999819;1.090727485653113
0.7171717171717171;1.792100009999819;1.091426050631424
0.7222222222222222;1.790100009999819;1.092118830259285
0.7272727272727273;1.788000009999819;1.092805925033431
0.7323232323232323;1.78630000999982;1.093487442845902
0.7373737373737373;1.78400000999982;1.094163391775536
0.7424242424242424;1.78230000999982;1.094833943583793
0.7474747474747475;1.78050000999982;1.095499096414439
0.7525252525252526;1.77850000999982;1.096158982310415
0.7575757575757576;1.776600009999821;1.096813637851466
0.7626262626262627;1.774400009999821;1.097463207344277
0.7676767676767677;1.772700009999821;1.098107660306235
0.7727272727272727;1.770800009999821;1.098747114071515
0.7777777777777778;1.768900009999822;1.099381680850865
0.7828282828282829;1.767100009999822;1.100011372132725
0.7878787878787878;1.765300009999822;1.10063627811619
0.7929292929292929;1.763400009999822;1.101256448096957
0.797979797979798;1.761700009999822;1.101871945870256
0.803030303030303;1.759900009999823;1.102482886170529
0.8080808080808081;1.757900009999823;1.103089243078449
0.8131313131313131;1.756500009999823;1.103691147643829
0.8181818181818181;1.754500009999823;1.104288632432919
0.8232323232323233;1.752800009999823;1.104881775984012
0.8282828282828283;1.750900009999824;1.105470601365389
0.8333333333333333;1.749200009999824;1.106055183514411
0.8383838383838385;1.747700009999824;1.10663555274723
0.8434343434343434;1.746000009999824;1.107211831799416
0.8484848484848485;1.744100009999824;1.107783974907136
0.8535353535353536;1.742700009999824;1.108352108231305
0.8585858585858586;1.740900009999825;1.10891627409824
0.8636363636363636;1.739100009999825;1.109476497978044
0.8686868686868687;1.737600009999825;1.110032818992639
0.8737373737373737;1.736000009999825;1.110585335647813
0.8787878787878788;1.734300009999825;1.111134046356609
0.8838383838383839;1.732600009999826;1.111679014627906
0.8888888888888888;1.730900009999826;1.112220281502008
0.8939393939393939;1.729600009999826;1.112757912662078
0.898989898989899;1.727900009999826;1.11329193374018
0.904040404040404;1.726300009999826;1.113822401121179
0.9090909090909092;1.724900009999826;1.114349332633831
0.9141414141414141;1.723100009999827;1.114872782964641
0.9191919191919191;1.721700009999827;1.11539281787892
0.9242424242424243;1.720300009999827;1.115909437256311
0.9292929292929293;1.718700009999827;1.116422698533798
0.9343434343434344;1.717200009999827;1.116932641670357
0.9393939393939394;1.715500009999827;1.117439313665813
0.9444444444444444;1.714200009999828;1.11794275325564
0.9494949494949495;1.712500009999828;1.118442954995445
0.9545454545454546;1.711000009999828;1.118940013580702
0.9595959595959596;1.709700009999828;1.119433934977138
0.9646464646464646;1.708200009999828;1.119924759635167
0.9696969696969697;1.706900009999828;1.120412513259655
0.9747474747474747;1.705400009999829;1.120897223214626
0.9797979797979798;1.703800009999829;1.121378978010668
0.9848484848484849;1.702400009999829;1.121857752946414
0.9898989898989898;1.701000009999829;1.122333577386123
0.994949494949495;1.699600009999829;1.122806527500049
1;1.698200009999829;1.123276602613522
1;1.698200009999829;1.123276602613522
1.01010101010101;1.69550000999983;1.124208278062051
1.02020202020202;1.69250000999983;1.12512884784788
1.03030303030303;1.69000000999983;1.12603858467835
1.04040404040404;1.687100009999831;1.126937642045523
1.050505050505051;1.684400009999831;1.12782632173419
1.060606060606061;1.682000009999831;1.12870478075952
1.070707070707071;1.679300009999831;1.129573252175373
1.080808080808081;1.676600009999832;1.130431948275038
1.090909090909091;1.674300009999832;1.131281036053036
1.101010101010101;1.671800009999832;1.132120729202371
1.111111111111111;1.669200009999833;1.132951187892562
1.121212121212121;1.666700009999833;1.133772642137024
1.131313131313131;1.664300009999833;1.134585184980912
1.141414141414141;1.661600009999833;1.135389060710457
1.151515151515152;1.659400009999834;1.136184426744707
1.161616161616162;1.657000009999834;1.136971395780499
1.171717171717172;1.654400009999834;1.137750159543601
1.181818181818182;1.652300009999834;1.138520854041917
1.191919191919192;1.649800009999835;1.139283644022479
1.202020202020202;1.647700009999835;1.140038666086374
1.212121212121212;1.645400009999835;1.14078607706836
1.222222222222222;1.643100009999835;1.141525974691692
1.232323232323232;1.640900009999836;1.142258538696935
1.242424242424242;1.638700009999836;1.142983859496433
1.252525252525253;1.636300009999836;1.143702085004423
1.262626262626263;1.634200009999836;1.144413331062491
1.272727272727273;1.632200009999837;1.145117725903366
1.282828282828283;1.630100009999837;1.145815354537707
1.292929292929293;1.628000009999837;1.146506375705774
1.303030303030303;1.625600009999837;1.147190893820301
1.313131313131313;1.623800009999838;1.147869005726275
1.323232323232323;1.621800009999838;1.148540820269432
1.333333333333333;1.619600009999838;1.149206405260585
1.343434343434343;1.617700009999838;1.149865922306954
1.353535353535354;1.615700009999838;1.150519450836209
1.363636363636364;1.613700009999839;1.15116707700809
1.373737373737374;1.611600009999839;1.151808909797727
1.383838383838384;1.609800009999839;1.15244499936984
1.393939393939394;1.607600009999839;1.153075494101009
1.404040404040404;1.60560000999984;1.153700440166836
1.414141414141414;1.60360000999984;1.154319950515335
1.424242424242424;1.60180000999984;1.154934084751958
1.434343434343434;1.60020000999984;1.155542948059595
1.444444444444444;1.59810000999984;1.156146618266972
1.454545454545455;1.596300009999841;1.156745157278007
1.464646464646465;1.594500009999841;1.157338635773443
1.474747474747475;1.592500009999841;1.157927163067836
1.484848484848485;1.590600009999841;1.158510784485218
1.494949494949495;1.589000009999841;1.159089593949412
1.505050505050505;1.587300009999842;1.159663644347114
1.515151515151515;1.585400009999842;1.160233011048651
1.525252525252525;1.583700009999842;1.160797761827827
1.535353535353535;1.581800009999842;1.161357973037859
1.545454545454545;1.580100009999842;1.16191367638764
1.555555555555556;1.578500009999843;1.162464987665564
1.565656565656566;1.576900009999843;1.163011918122707
1.575757575757576;1.574900009999843;1.163554547211496
1.585858585858586;1.573400009999843;1.164092942157305
1.595959595959596;1.571600009999843;1.164627168849314
1.606060606060606;1.569900009999843;1.165157258416861
1.616161616161616;1.568600009999844;1.165683298076072
1.626262626262626;1.566800009999844;1.166205314243953
1.636363636363636;1.565200009999844;1.16672337245897
1.646464646464647;1.563400009999844;1.167237525800915
1.656565656565657;1.561900009999844;1.167747829654576
1.666666666666667;1.560300009999845;1.168254348799699
1.676767676767677;1.558700009999845;1.168757091888341
1.686868686868687;1.557100009999845;1.16925613951739
1.696969696969697;1.555700009999845;1.16975153661609
1.707070707070707;1.554000009999845;1.170243330602597
1.717171717171717;1.552600009999845;1.170731554533302
1.727272727272727;1.550900009999846;1.171216263670914
1.737373737373737;1.549500009999846;1.171697516905561
1.747474747474747;1.548000009999846;1.17217534422894
1.757575757575758;1.546300009999846;1.172649778398184
1.767676767676768;1.545000009999846;1.173120881462541
1.777777777777778;1.543600009999846;1.173588683828913
1.787878787878788;1.542100009999847;1.174053237533614
1.797979797979798;1.540600009999847;1.17451455897492
1.808080808080808;1.539100009999847;1.174972701384212
1.818181818181818;1.537500009999847;1.175427715781916
1.828282828282828;1.536200009999847;1.17587962486942
1.838383838383838;1.534700009999847;1.176328461429256
1.848484848484849;1.533300009999848;1.176774277320187
1.858585858585859;1.531900009999848;1.177217107851308
1.868686868686869;1.530400009999848;1.177656968810809
1.878787878787879;1.529200009999848;1.17809391518465
1.888888888888889;1.527900009999848;1.178527977144705
1.898989898989899;1.526300009999848;1.178959187691017
1.909090909090909;1.525000009999848;1.179387567354889
1.919191919191919;1.523700009999849;1.179813178949333
1.929292929292929;1.522400009999849;1.180236011476214
1.939393939393939;1.521100009999849;1.180656143154592
1.949494949494949;1.519600009999849;1.18107357517788
1.95959595959596;1.518200009999849;1.181488334801142
1.96969696969697;1.517100009999849;1.181900459187176
1.97979797979798;1.515600009999849;1.182309983721906
1.98989898989899;1.51450000999985;1.182716937780462
2;1.51320000999985;1.183121353495167
2;1.51320000999985;1.183121353495167
2.01010101010101;1.51170000999985;1.183523252982901
2.02020202020202;1.51050000999985;1.183922661185858
2.03030303030303;1.50930000999985;1.184319594464075
2.04040404040404;1.50790000999985;1.184714104386627
2.050505050505051;1.50680000999985;1.185106195529501
2.060606060606061;1.505400009999851;1.185495917247729
2.07070707070707;1.504300009999851;1.185883249484498
2.080808080808081;1.502800009999851;1.186268285543252
2.090909090909091;1.501800009999851;1.186650981035116
2.101010101010101;1.500300009999851;1.187031430317366
2.111111111111111;1.499400009999851;1.187409583032401
2.121212121212121;1.498200009999851;1.187785521488242
2.131313131313131;1.496800009999852;1.188159243850564
2.141414141414141;1.495800009999852;1.188530775987676
2.151515151515151;1.494500009999852;1.188900145703401
2.161616161616162;1.493300009999852;1.189267369112464
2.171717171717172;1.492000009999852;1.189632474435422
2.181818181818182;1.491000009999852;1.189995455401611
2.191919191919192;1.489700009999852;1.190356377736829
2.202020202020202;1.488500009999852;1.190715239220785
2.212121212121212;1.487400009999853;1.191072062995654
2.222222222222222;1.486300009999853;1.19142686664671
2.232323232323232;1.484900009999853;1.191779674436342
2.242424242424242;1.483900009999853;1.192130498581557
2.252525252525253;1.482900009999853;1.192479384490505
2.262626262626263;1.481700009999853;1.192826317043264
2.272727272727272;1.480700009999853;1.193171306219544
2.282828282828283;1.479400009999853;1.193514418302354
2.292929292929293;1.478100009999854;1.193855649145707
2.303030303030303;1.477100009999854;1.194195016906315
2.313131313131313;1.476000009999854;1.194532531084177
2.323232323232323;1.475100009999854;1.19486821612776
2.333333333333333;1.474000009999854;1.195202091888536
2.343434343434343;1.472800009999854;1.195534188770038
2.353535353535353;1.471600009999854;1.195864486634798
2.363636363636364;1.470600009999854;1.196193030485218
2.373737373737374;1.469600009999855;1.196519838243803
2.383838383838384;1.468600009999855;1.196844910811567
2.393939393939394;1.467400009999855;1.197168277026456
2.404040404040404;1.466500009999855;1.197489943611552
2.414141414141414;1.465200009999855;1.197809926814543
2.424242424242424;1.464100009999855;1.198128233936352
2.434343434343434;1.463300009999855;1.198444921366974
2.444444444444445;1.462300009999855;1.198759947490477
2.454545454545455;1.461200009999855;1.199073367983927
2.464646464646465;1.460200009999856;1.199385192376701
2.474747474747475;1.459200009999856;1.199695420088151
2.484848484848485;1.458100009999856;1.200004064633841
2.494949494949495;1.457000009999856;1.200311152758712
2.505050505050505;1.456100009999856;1.200616704226664
2.515151515151515;1.455100009999856;1.200920692211204
2.525252525252525;1.454100009999856;1.20122318003746
2.535353535353535;1.453000009999856;1.201524152339729
2.545454545454545;1.451900009999856;1.201823620015655
2.555555555555555;1.451000009999857;1.20212163668257
2.565656565656566;1.450000009999857;1.202418170870855
2.575757575757576;1.449200009999857;1.202713237890481
2.585858585858586;1.448400009999857;1.203006859773997
2.595959595959596;1.447100009999857;1.203299083137269
2.606060606060606;1.446000009999857;1.203589850732272
2.616161616161616;1.445500009999857;1.20387923565382
2.626262626262626;1.444200009999857;1.204167213957382
2.636363636363636;1.443500009999857;1.204453823445288
2.646464646464647;1.442400009999858;1.204739056116089
2.656565656565657;1.441500009999858;1.205022933397055
2.666666666666667;1.440500009999858;1.205305445410672
2.676767676767677;1.439400009999858;1.20558663752013
2.686868686868687;1.438600009999858;1.20586650848494
2.696969696969697;1.437600009999858;1.206145056868124
2.707070707070707;1.437000009999858;1.206422300839724
2.717171717171717;1.436000009999858;1.20669824317721
2.727272727272728;1.434900009999858;1.206972914982346
2.737373737373737;1.433900009999858;1.207246314950513
2.747474747474747;1.433000009999859;1.207518453520759
2.757575757575758;1.432100009999859;1.20778933617427
2.767676767676768;1.431300009999859;1.208058987250555
2.777777777777778;1.430400009999859;1.208327396698525
2.787878787878788;1.429600009999859;1.208594597467021
2.797979797979798;1.428700009999859;1.20886057587183
2.808080808080808;1.427600009999859;1.209125359070124
2.818181818181818;1.426800009999859;1.209388953555025
2.828282828282828;1.425900009999859;1.209651347494277
2.838383838383838;1.425000009999859;1.209912579451305
2.848484848484849;1.42420000999986;1.210172654148721
2.858585858585859;1.42350000999986;1.210431562249705
2.868686868686869;1.42250000999986;1.210689318135073
2.878787878787879;1.42180000999986;1.210945963144908
2.888888888888889;1.42080000999986;1.211201463576061
2.898989898989899;1.42000000999986;1.211455839254902
2.909090909090909;1.41900000999986;1.211709100308591
2.919191919191919;1.41810000999986;1.211961269450027
2.929292929292929;1.41740000999986;1.212212338128877
2.939393939393939;1.41640000999986;1.212462328499261
2.949494949494949;1.41580000999986;1.212711247475922
2.959595959595959;1.415100009999861;1.212959075937152
2.96969696969697;1.414200009999861;1.213205873618634
2.97979797979798;1.413100009999861;1.213451583652629
2.98989898989899;1.412500009999861;1.213696275069996
3;1.411500009999861;1.213939913458403
3;1.411500009999861;1.213939913458403
3.01010101010101;1.410800009999861;1.214182515743547
3.02020202020202;1.409800009999861;1.214424104050222
3.03030303030303;1.408900009999861;1.214664687523589
3.04040404040404;1.408400009999861;1.214904269754986
3.050505050505051;1.407500009999861;1.215142835852566
3.060606060606061;1.406700009999861;1.21538040876192
3.07070707070707;1.405900009999862;1.215616996915573
3.080808080808081;1.405000009999862;1.215852602641138
3.090909090909091;1.404400009999862;1.216087242917624
3.101010101010101;1.403600009999862;1.216320924826262
3.111111111111111;1.402800009999862;1.216553638573469
3.121212121212121;1.401900009999862;1.216785424794735
3.131313131313131;1.401200009999862;1.217016259645611
3.141414141414141;1.400400009999862;1.217246140396926
3.151515151515151;1.399600009999862;1.217475097084759
3.161616161616162;1.398700009999862;1.217703146044566
3.171717171717172;1.397800009999862;1.217930253397437
3.181818181818182;1.397200009999862;1.218156470496317
3.191919191919192;1.396400009999863;1.218381791482946
3.202020202020202;1.395800009999863;1.218606197994222
3.212121212121212;1.394800009999863;1.218829717812349
3.222222222222222;1.394200009999863;1.219052346553745
3.232323232323232;1.393600009999863;1.219274101005294
3.242424242424242;1.392800009999863;1.219494985789123
3.252525252525253;1.392000009999863;1.219714994707601
3.262626262626263;1.391000009999863;1.219934140175651
3.272727272727272;1.390400009999863;1.220152455229507
3.282828282828283;1.389500009999863;1.220369891751508
3.292929292929293;1.389000009999863;1.220586506678653
3.303030303030303;1.388400009999863;1.220802272053878
3.313131313131313;1.387500009999864;1.221017207262888
3.323232323232323;1.386600009999864;1.221231332961143
3.333333333333333;1.386100009999864;1.221444615540272
3.343434343434343;1.385200009999864;1.221657083395769
3.353535353535353;1.384500009999864;1.221868754785751
3.363636363636364;1.383900009999864;1.222079625155891
3.373737373737374;1.383000009999864;1.222289687664238
3.383838383838384;1.382500009999864;1.222498942615254
3.393939393939394;1.381900009999864;1.222707427890071
3.404040404040404;1.381000009999864;1.222915119884727
3.414141414141414;1.380200009999864;1.223122042007023
3.424242424242424;1.379300009999864;1.223328185842131
3.434343434343434;1.378700009999865;1.22353356831229
3.444444444444445;1.377900009999865;1.223738181747205
3.454545454545455;1.377200009999865;1.223942040336431
3.464646464646465;1.376700009999865;1.224145146889912
3.474747474747475;1.376000009999865;1.224347497514486
3.484848484848485;1.375500009999865;1.22454911291274
3.494949494949495;1.374500009999865;1.224750003868349
3.505050505050505;1.374100009999865;1.224950134643774
3.515151515151515;1.373200009999865;1.225149567212568
3.525252525252525;1.372600009999865;1.225348241025504
3.535353535353535;1.371800009999865;1.225546202778732
3.545454545454545;1.371200009999865;1.225743454749118
3.555555555555555;1.370700009999865;1.22593999572169
3.565656565656566;1.369800009999866;1.226135840768128
3.575757575757576;1.369200009999866;1.226330961925968
3.585858585858586;1.368500009999866;1.226525402987515
3.595959595959596;1.367700009999866;1.226719156264214
3.606060606060606;1.367100009999866;1.226912209096763
3.616161616161616;1.366500009999866;1.227104570610359
3.626262626262626;1.365800009999866;1.227296276403855
3.636363636363636;1.365100009999866;1.22748727987971
3.646464646464647;1.364600009999866;1.227677624015303
3.656565656565657;1.363800009999866;1.227867304229548
3.666666666666667;1.363300009999866;1.228056313870143
3.676767676767677;1.362400009999866;1.228244667579391
3.686868686868687;1.362000009999866;1.228432369738895
3.696969696969697;1.361100009999866;1.228619412626601
3.707070707070707;1.360500009999867;1.228805816610707
3.717171717171717;1.359800009999867;1.228991572763494
3.727272727272728;1.359300009999867;1.229176686681652
3.737373737373737;1.358700009999867;1.229361159207605
3.747474747474747;1.357900009999867;1.229545009753304
3.757575757575758;1.357400009999867;1.229728241251419
3.767676767676768;1.356700009999867;1.229910820851737
3.777777777777778;1.356000009999867;1.230092806046802
3.787878787878788;1.355400009999867;1.230274169423442
3.797979797979798;1.354900009999867;1.230454897326974
3.808080808080808;1.354100009999867;1.230635033921861
3.818181818181818;1.353500009999867;1.230814573501358
3.828282828282828;1.352800009999867;1.230993492252408
3.838383838383838;1.352300009999867;1.23117182146757
3.848484848484849;1.351600009999868;1.231349550469742
3.858585858585859;1.350900009999868;1.231526690006393
3.868686868686869;1.350500009999868;1.231703250229072
3.878787878787879;1.349600009999868;1.231879211363282
3.888888888888889;1.349100009999868;1.232054589767485
3.898989898989899;1.348700009999868;1.232229406961456
3.909090909090909;1.348000009999868;1.232403640275965
3.919191919191919;1.347300009999868;1.232577297941954
3.929292929292929;1.346900009999868;1.232750376046942
3.939393939393939;1.346000009999868;1.232922909736597
3.949494949494949;1.345400009999868;1.233094874030749
3.959595959595959;1.344900009999868;1.233266282138133
3.96969696969697;1.344400009999868;1.233437133190914
3.97979797979798;1.343900009999868;1.233607427788848
3.98989898989899;1.343300009999868;1.233777175128507
4;1.342600009999869;1.233946380405733
4;1.342600009999869;1.233946380405733
4.01010101010101;1.342100009999869;1.234115043963938
4.02020202020202;1.341500009999869;1.234283159978759
4.03030303030303;1.340700009999869;1.234450733742659
4.040404040404041;1.340300009999869;1.234617783104784
4.05050505050505;1.339800009999869;1.234784289482969
4.060606060606061;1.339200009999869;1.234950285716696
4.070707070707071;1.338500009999869;1.235115749330914
4.08080808080808;1.337800009999869;1.235280690490773
4.090909090909091;1.337200009999869;1.235445096695079
4.101010101010101;1.336600009999869;1.235609010926748
4.111111111111111;1.336100009999869;1.235772409063554
4.121212121212121;1.335600009999869;1.235935290386108
4.131313131313131;1.335100009999869;1.236097647734163
4.141414141414141;1.334400009999869;1.236259523294255
4.151515151515151;1.333800009999869;1.236420892822843
4.161616161616162;1.33340000999987;1.236581747262702
4.171717171717171;1.33270000999987;1.236742114335155
4.181818181818182;1.33200000999987;1.236901990887452
4.191919191919192;1.33160000999987;1.237061360795736
4.202020202020202;1.33100000999987;1.237220269511343
4.212121212121212;1.33050000999987;1.23737866344494
4.222222222222222;1.32980000999987;1.237536592640146
4.232323232323233;1.32940000999987;1.237694016546429
4.242424242424242;1.32860000999987;1.237850986477791
4.252525252525253;1.32810000999987;1.238007461987841
4.262626262626263;1.32780000999987;1.238163474867884
4.272727272727272;1.32700000999987;1.238319013728742
4.282828282828283;1.32640000999987;1.238474094629789
4.292929292929293;1.32580000999987;1.238628689346251
4.303030303030303;1.32540000999987;1.238782845046976
4.313131313131313;1.32480000999987;1.238936509591827
4.323232323232324;1.324300009999871;1.239089743936872
4.333333333333333;1.323700009999871;1.239242495958969
4.343434343434343;1.323300009999871;1.239394817385037
4.353535353535354;1.322900009999871;1.239546673811696
4.363636363636363;1.322100009999871;1.239698082490964
4.373737373737374;1.321800009999871;1.239849033523625
4.383838383838384;1.321000009999871;1.239999562460714
4.393939393939394;1.320500009999871;1.240149625213218
4.404040404040404;1.320100009999871;1.240299269960421
4.414141414141414;1.319400009999871;1.240448471999545
4.424242424242424;1.319000009999871;1.240597214941072
4.434343434343434;1.318500009999871;1.240745549392622
4.444444444444445;1.318000009999871;1.240893437041842
4.454545454545454;1.317500009999871;1.241040899985347
4.464646464646465;1.317000009999871;1.241187949710003
4.474747474747475;1.316400009999871;1.241334565580504
4.484848484848484;1.315800009999871;1.241480756515911
4.494949494949495;1.315100009999872;1.241626524141936
4.505050505050505;1.314900009999872;1.241771872756518
4.515151515151516;1.314300009999872;1.241916807516025
4.525252525252525;1.313700009999872;1.242061329981274
4.535353535353535;1.313200009999872;1.242205441176616
4.545454545454545;1.312600009999872;1.242349146289707
4.555555555555555;1.312300009999872;1.242492433434303
4.565656565656566;1.311500009999872;1.242635326994198
4.575757575757576;1.311300009999872;1.242777797857618
4.585858585858586;1.310700009999872;1.242919876640948
4.595959595959596;1.310200009999872;1.243061553863791
4.606060606060606;1.309800009999872;1.243202841483812
4.616161616161616;1.309300009999872;1.243343723112322
4.626262626262626;1.308700009999872;1.243484209156992
4.636363636363637;1.308100009999872;1.243624310959409
4.646464646464646;1.307700009999872;1.243764020915726
4.656565656565657;1.307100009999872;1.243903337525053
4.666666666666667;1.306600009999872;1.244042270229307
4.676767676767676;1.306100009999873;1.244180817487715
4.686868686868687;1.305600009999873;1.244318983140976
4.696969696969697;1.305200009999873;1.244456771603331
4.707070707070707;1.304500009999873;1.244594173016849
4.717171717171717;1.304100009999873;1.244731192834384
4.727272727272728;1.303500009999873;1.244867855538299
4.737373737373737;1.303200009999873;1.245004135816937
4.747474747474747;1.302500009999873;1.245140035783456
4.757575757575758;1.302100009999873;1.245275563807504
4.767676767676767;1.301700009999873;1.245410740603808
4.777777777777778;1.301100009999873;1.245545539419723
4.787878787878788;1.300700009999873;1.245679966169194
4.797979797979798;1.300100009999873;1.245814048179144
4.808080808080808;1.299600009999873;1.245947753828468
4.818181818181818;1.299100009999873;1.246081108697539
4.828282828282829;1.298800009999873;1.246214097643368
4.838383838383838;1.298200009999873;1.246346731334307
4.848484848484849;1.297900009999873;1.24647902035408
4.858585858585858;1.297200009999874;1.246610945566551
4.868686868686869;1.296800009999874;1.246742522526304
4.878787878787879;1.296500009999874;1.24687374385037
4.888888888888889;1.296000009999874;1.247004630082753
4.898989898989899;1.295400009999874;1.247135155797954
4.909090909090909;1.294800009999874;1.247265342172832
4.91919191919192;1.294600009999874;1.247395199517161
4.929292929292929;1.293900009999874;1.247524689680597
4.939393939393939;1.293500009999874;1.247653851755347
4.94949494949495;1.293100009999874;1.247782683307508
4.959595959595959;1.292500009999874;1.2479111579383
4.96969696969697;1.292100009999874;1.248039318432311
4.97979797979798;1.291800009999874;1.248167134959698
4.98989898989899;1.291100009999874;1.248294608072588
5;1.290700009999874;1.248421766951635
5;1.290700009999874;1.248421766951635
5.01010101010101;1.290100009999874;1.2485485813163
5.02020202020202;1.289800009999874;1.248675083319021
5.03030303030303;1.289300009999874;1.248801248883633
5.040404040404041;1.289000009999874;1.248927085827948
5.05050505050505;1.288400009999874;1.249052608149402
5.060606060606061;1.287900009999875;1.24917779887029
5.070707070707071;1.287500009999875;1.249302683576906
5.08080808080808;1.287000009999875;1.24942722908491
5.090909090909091;1.286500009999875;1.249551478470964
5.101010101010101;1.286100009999875;1.249675395663569
5.111111111111111;1.285600009999875;1.249799009508957
5.121212121212121;1.285200009999875;1.249922292083044
5.131313131313131;1.284800009999875;1.250045283865255
5.141414141414141;1.284300009999875;1.250167947440097
5.151515151515151;1.283900009999875;1.250290309122821
5.161616161616162;1.283300009999875;1.250412355991494
5.171717171717171;1.282900009999875;1.250534103594418
5.181818181818182;1.282700009999875;1.250655542247533
5.191919191919192;1.281900009999875;1.250776675785316
5.202020202020202;1.281600009999875;1.250897512331283
5.212121212121212;1.281200009999875;1.251018037093043
5.222222222222222;1.280700009999875;1.251138269979024
5.232323232323233;1.280500009999875;1.251258199778664
5.242424242424242;1.280100009999875;1.251377843978893
5.252525252525253;1.279300009999875;1.251497170939333
5.262626262626263;1.279200009999875;1.251616209429323
5.272727272727272;1.278700009999876;1.25173496852757
5.282828282828283;1.278300009999876;1.2518534276382
5.292929292929293;1.277900009999876;1.251971583845074
5.303030303030303;1.277300009999876;1.252089458744777
5.313131313131313;1.277000009999876;1.252207051453403
5.323232323232324;1.276600009999876;1.252324346972634
5.333333333333333;1.276100009999876;1.252441358256364
5.343434343434343;1.275700009999876;1.252558092656631
5.353535353535354;1.275000009999876;1.252674534005369
5.363636363636363;1.274800009999876;1.252790684655368
5.373737373737374;1.274400009999876;1.252906566306151
5.383838383838384;1.273800009999876;1.253022165400832
5.393939393939394;1.273300009999876;1.253137489220107
5.404040404040404;1.273100009999876;1.253252524206711
5.414141414141414;1.272700009999876;1.253367295763588
5.424242424242424;1.272300009999876;1.253481789209681
5.434343434343434;1.271800009999876;1.253595993279559
5.444444444444445;1.271300009999876;1.253709945211906
5.454545454545454;1.271000009999876;1.253823605372743
5.464646464646465;1.270500009999876;1.253937006264506
5.474747474747475;1.270000009999877;1.254050137257716
5.484848484848484;1.269600009999877;1.254162991814657
5.494949494949495;1.269300009999877;1.254275586628382
5.505050505050505;1.268800009999877;1.254387912414215
5.515151515151516;1.268400009999877;1.254499971961445
5.525252525252525;1.268000009999877;1.254611767366268
5.535353535353535;1.267600009999877;1.254723294558639
5.545454545454545;1.267100009999877;1.254834568456433
5.555555555555555;1.266700009999877;1.254945576066099
5.565656565656566;1.266300009999877;1.255056326907654
5.575757575757576;1.265900009999877;1.255166816184287
5.585858585858586;1.265500009999877;1.255277045552093
5.595959595959596;1.265000009999877;1.255387017379529
5.606060606060606;1.264600009999877;1.255496735083806
5.616161616161616;1.264500009999877;1.255606201702524
5.626262626262626;1.263700009999877;1.255715410418071
5.636363636363637;1.263300009999877;1.255824363343467
5.646464646464646;1.263200009999877;1.255933076997694
5.656565656565657;1.262800009999877;1.256041532828978
5.666666666666667;1.262400009999877;1.256149738388523
5.676767676767676;1.261700009999877;1.256257685760634
5.686868686868687;1.261300009999877;1.256365388122131
5.696969696969697;1.261200009999877;1.256472855813695
5.707070707070707;1.260800009999878;1.256580085262023
5.717171717171717;1.260400009999878;1.256687042817327
5.727272727272728;1.259700009999878;1.256793761414724
5.737373737373737;1.259500009999878;1.256900247710767
5.747474747474747;1.259100009999878;1.257006490313237
5.757575757575758;1.258800009999878;1.257112491137276
5.767676767676767;1.258300009999878;1.257218264383587
5.777777777777778;1.257900009999878;1.257323783432251
5.787878787878788;1.257700009999878;1.257429069549099
5.797979797979798;1.257200009999878;1.25753411462103
5.808080808080808;1.256800009999878;1.257638922233283
5.818181818181818;1.256400009999878;1.257743501614073
5.828282828282829;1.256100009999878;1.25784784015778
5.838383838383838;1.255500009999878;1.257951937898487
5.848484848484849;1.255100009999878;1.258055822176212
5.858585858585858;1.254800009999878;1.25815946892174
5.868686868686869;1.254400009999878;1.258262874641649
5.878787878787879;1.254100009999878;1.258366060400519
5.888888888888889;1.253700009999878;1.258469009892004
5.898989898989899;1.253400009999878;1.258571726281711
5.909090909090909;1.252800009999878;1.258674233885166
5.91919191919192;1.252400009999878;1.258776501952097
5.929292929292929;1.252100009999878;1.258878550503323
5.939393939393939;1.251800009999879;1.258980366943224
5.94949494949495;1.251400009999879;1.259081957824493
5.959595959595959;1.251100009999879;1.259183336658897
5.96969696969697;1.250800009999879;1.259284485795811
5.97979797979798;1.250300009999879;1.259385426635914
5.98989898989899;1.249800009999879;1.259486127840021
6;1.249700009999879;1.259586621903639
10;1.138400009999891;1.287806135272609
10.20408163265306;1.134200009999891;1.288832361947225
10.40816326530612;1.130000009999892;1.289831823439116
10.61224489795918;1.126100009999892;1.290805686280848
10.81632653061224;1.122100009999893;1.291755070564002
11.02040816326531;1.118200009999893;1.292681023103488
11.22448979591837;1.114400009999894;1.293584505691197
11.42857142857143;1.110900009999894;1.294466466692228
11.63265306122449;1.107100009999894;1.295327754439238
11.83673469387755;1.103600009999895;1.296169209205548
12.04081632653061;1.100100009999895;1.296991582350081
12.24489795918367;1.096700009999896;1.297795626132885
12.44897959183674;1.093400009999896;1.298582015263522
12.6530612244898;1.090000009999896;1.29935142137673
12.85714285714286;1.086800009999897;1.300104465684806
13.06122448979592;1.083800009999897;1.300841730377641
13.26530612244898;1.080700009999897;1.301563774356468
13.46938775510204;1.077600009999898;1.302271145698967
13.6734693877551;1.074500009999898;1.302964318078029
13.87755102040816;1.071700009999898;1.303643818149053
14.08163265306122;1.068700009999899;1.304310065906281
14.28571428571428;1.065900009999899;1.304963508277841
14.48979591836735;1.063100009999899;1.30560456999327
14.69387755102041;1.0603000099999;1.306233645845936
14.89795918367347;1.0576000099999;1.306851107546724
15.10204081632653;1.0549000099999;1.307457329177141
15.30612244897959;1.0523000099999;1.308052649690296
15.51020408163265;1.049700009999901;1.308637406355763
15.71428571428572;1.047200009999901;1.309211909388941
15.91836734693878;1.044600009999901;1.309776468933013
16.12244897959184;1.042100009999902;1.310331375713246
16.3265306122449;1.039700009999902;1.310876913648009
16.53061224489796;1.037200009999902;1.31141334156326
16.73469387755102;1.034900009999902;1.311940914197455
16.93877551020408;1.032500009999903;1.312459895921588
17.14285714285714;1.030200009999903;1.312970498450161
17.3469387755102;1.027900009999903;1.313472981537442
17.55102040816326;1.025700009999903;1.313967534779904
17.75510204081633;1.023500009999904;1.31445439154678
17.95918367346939;1.021300009999904;1.314933740135473
18.16326530612245;1.019100009999904;1.315405780344921
18.36734693877551;1.017000009999904;1.315870706832981
18.57142857142857;1.014800009999905;1.316328687757719
18.77551020408163;1.012700009999905;1.316779915173611
18.97959183673469;1.010800009999905;1.317224544890565
19.18367346938776;1.008600009999905;1.317662740454793
19.38775510204082;1.006700009999905;1.318094670239217
19.59183673469388;1.004700009999906;1.318520468782189
19.79591836734694;1.002700009999906;1.31894030178231
20;1.000800009999906;1.319354299393669
4000;0.3322000099999797;1.395225766343011
4030.30303030303;0.3317000099999798;1.39520805216554
4060.606060606061;0.3311000099999798;1.395190239914943
4090.909090909091;0.3306000099999799;1.395172337912367
4121.212121212121;0.33000000999998;1.395154344870855
4151.515151515152;0.32950000999998;1.395136268401246
4181.818181818182;0.3289000099999801;1.395118106812966
4212.121212121212;0.3284000099999801;1.395099868580743
4242.424242424242;0.3279000099999802;1.395081552986231
4272.727272727273;0.3273000099999803;1.39506316066731
4303.030303030303;0.3268000099999803;1.395044700048051
4333.333333333333;0.3263000099999804;1.395026170279526
4363.636363636364;0.3258000099999804;1.395007574571714
4393.939393939394;0.3253000099999805;1.394988914613026
4424.242424242424;0.3248000099999805;1.394970193702074
4454.545454545455;0.3243000099999806;1.394951412928813
4484.848484848485;0.3238000099999807;1.394932575641398
4515.151515151515;0.3233000099999807;1.394913683233427
4545.454545454546;0.3228000099999808;1.394894738244858
4575.757575757576;0.3223000099999808;1.394875742540908
4606.060606060606;0.3218000099999809;1.394856698087991
4636.363636363636;0.3214000099999809;1.394837610319238
4666.666666666667;0.320900009999981;1.39481847420966
4696.969696969697;0.320400009999981;1.394799294819962
4727.272727272727;0.3200000099999811;1.394780077681208
4757.575757575758;0.3195000099999811;1.394760817396924
4787.878787878788;0.3190000099999812;1.394741518939099
4818.181818181818;0.3186000099999812;1.394722187981563
4848.484848484848;0.3181000099999813;1.394702818363062
4878.787878787879;0.3177000099999813;1.394683419374259
4909.090909090909;0.3173000099999814;1.394663987630325
4939.393939393939;0.3168000099999814;1.394644522673847
4969.69696969697;0.3164000099999815;1.394625032087185
5000;0.3159000099999815;1.394605510493251
5030.30303030303;0.3155000099999816;1.394585965934522
5060.60606060606;0.3151000099999816;1.394566396707897
5090.909090909091;0.3147000099999817;1.394546803248437
5121.212121212121;0.3142000099999817;1.394527183670901
5151.515151515152;0.3138000099999818;1.394507546456814
5181.818181818182;0.3134000099999818;1.394487888797102
5212.121212121212;0.3130000099999818;1.394468212106251
5242.424242424242;0.3126000099999819;1.394448516999374
5272.727272727273;0.3122000099999819;1.394428805005403
5303.030303030303;0.311800009999982;1.39440907683685
5333.333333333333;0.311400009999982;1.394389334126868
5363.636363636364;0.3110000099999821;1.39436957720934
5393.939393939394;0.3106000099999821;1.394349807242286
5424.242424242424;0.3102000099999822;1.394330025276493
5454.545454545454;0.3098000099999822;1.394310231890063
5484.848484848485;0.3094000099999822;1.394290428075692
5515.151515151515;0.3090000099999823;1.394270614734056
5545.454545454546;0.3086000099999823;1.394250792521801
5575.757575757576;0.3083000099999824;1.394230965722489
5606.060606060606;0.3079000099999824;1.394211128689123
5636.363636363636;0.3075000099999824;1.394191285060388
5666.666666666667;0.3071000099999825;1.394171436052216
5696.969696969697;0.3068000099999825;1.394151585161904
5727.272727272727;0.3064000099999826;1.394131726675099
5757.575757575758;0.3060000099999826;1.394111864865758
5787.878787878788;0.3057000099999826;1.394092003428395
5818.181818181818;0.3053000099999827;1.394072136260363
5848.484848484848;0.3049000099999827;1.394052267573913
5878.787878787879;0.3046000099999828;1.394032401232098
5909.090909090909;0.3042000099999828;1.394012531349691
5939.39393939394;0.3039000099999828;1.393992664877755
5969.69696969697;0.3035000099999829;1.393972795458597
6000;0.3032000099999829;1.393952931083041
6030.30303030303;0.302800009999983;1.3939330648197
6060.60606060606;0.302500009999983;1.393913204711916
6090.909090909091;0.302100009999983;1.393893343743912
6121.212121212121;0.3018000099999831;1.393873489660541
6151.515151515152;0.3015000099999831;1.39385363902408
6181.818181818182;0.3011000099999832;1.393833789855943
6212.121212121212;0.3008000099999832;1.393813948710657
6242.424242424242;0.3005000099999832;1.393794112422565
6272.727272727272;0.3001000099999833;1.393774278879084
6303.030303030303;0.2998000099999833;1.393754454338473
6333.333333333334;0.2995000099999833;1.393734636466495
6363.636363636364;0.2991000099999834;1.393714821893442
6393.939393939394;0.2988000099999834;1.393695018467215
6424.242424242424;0.2985000099999834;1.393675222428919
6454.545454545454;0.2982000099999835;1.393655434163065
6484.848484848485;0.2979000099999835;1.393635654501918
6515.151515151515;0.2976000099999835;1.39361588343079
6545.454545454546;0.2973000099999836;1.393596121311384
6575.757575757576;0.2969000099999836;1.393576365299266
6606.060606060606;0.2966000099999836;1.393556622579432
6636.363636363636;0.2963000099999837;1.393536889792523
6666.666666666666;0.2960000099999837;1.393517167248242
6696.969696969697;0.2957000099999837;1.393497455506214
6727.272727272728;0.2954000099999838;1.39347775411589
6757.575757575758;0.2951000099999838;1.393458064454546
6787.878787878788;0.2948000099999838;1.393438386213856
6818.181818181818;0.2945000099999839;1.393418719735528
6848.484848484848;0.2942000099999839;1.393399065231119
6878.787878787879;0.2939000099999839;1.393379422962713
6909.090909090909;0.293600009999984;1.393359793234851
6939.39393939394;0.293300009999984;1.393340176213681
6969.69696969697;0.293000009999984;1.393320572286336
7000;0.2927000099999841;1.393300981519273
3000;0.3545900100002138;1.395723833903982
3052.631578947368;0.3532100100002125;1.395703320562031
3105.263157894737;0.3518600100002111;1.395681913726323
3157.894736842105;0.3505600100002098;1.395659667219076
3210.526315789474;0.3492500100002085;1.39563663181287
3263.157894736842;0.3480000100002072;1.395612854602777
3315.78947368421;0.346750010000206;1.395588379998576
3368.421052631579;0.3455400100002048;1.39556324938589
3421.052631578948;0.3443100100002036;1.395537501616396
3473.684210526316;0.3431600100002024;1.395511172937018
3526.315789473684;0.3419800100002012;1.395484297708625
3578.947368421052;0.3408500100002001;1.395456908170244
3631.578947368421;0.339760010000199;1.395429034294946
3684.21052631579;0.3386500100001979;1.395400704642281
3736.842105263158;0.3375700100001968;1.395371946103521
3789.473684210526;0.3365100100001958;1.395342783602712
3842.105263157895;0.3354800100001947;1.395313241079875
3894.736842105263;0.3344600100001937;1.395283341061011
3947.368421052632;0.3334500100001927;1.395253104391027
4000;0.3324400100001917;1.395222551351155
7000;0.2929300100001522;1.393296811655134
7052.631578947368;0.2924600100001517;1.393262803875645
7105.263157894737;0.2919500100001512;1.393228837760619
7157.894736842105;0.2914700100001507;1.393194914715414
7210.526315789473;0.2909900100001502;1.393161035579444
7263.157894736842;0.2905000100001497;1.393127201324958
7315.789473684211;0.2900000100001492;1.393093412767645
7368.421052631579;0.2895500100001488;1.393059671064415
7421.052631578948;0.2890800100001483;1.393025976817463
7473.684210526316;0.2886200100001479;1.392992330909697
7526.315789473684;0.2881500100001474;1.392958734041429
7578.947368421052;0.2877000100001469;1.392925187000534
7631.578947368421;0.2872400100001465;1.392891690317065
7684.210526315789;0.286800010000146;1.392858244830621
7736.842105263158;0.2863500100001456;1.392824850956096
7789.473684210527;0.2859200100001452;1.392791509562705
7842.105263157895;0.2854700100001447;1.392758220841902
7894.736842105263;0.2850300100001443;1.392724985657728
7947.368421052632;0.2845900100001438;1.392691804276509
8000;0.2841600100001434;1.392658677214081
8000;0.2841600100001434;1.392658677214081
8105.263157894737;0.2833200100001426;1.392592587842189
8210.526315789473;0.2825000100001417;1.392526720763511
8315.78947368421;0.2816700100001409;1.392461078996798
8421.052631578947;0.2808600100001401;1.392395664855052
8526.315789473683;0.2800800100001393;1.392330480619062
8631.578947368422;0.2793000100001385;1.392265528256352
8736.842105263158;0.2785300100001378;1.392200809518689
8842.105263157895;0.277770010000137;1.392136325609693
8947.368421052632;0.2769900100001362;1.392072077884857
9052.631578947368;0.2762500100001355;1.392008067240905
9157.894736842105;0.2755400100001348;1.391944294485635
9263.157894736842;0.2748300100001341;1.391880760151874
9368.421052631578;0.2741300100001334;1.391817464826921
9473.684210526317;0.2734100100001327;1.391754408661573
9578.947368421053;0.272730010000132;1.391691591855649
9684.21052631579;0.2720400100001313;1.391629014387557
9789.473684210527;0.2713700100001306;1.39156667613479
9894.736842105263;0.27072001000013;1.391504576904743
10000;0.2700500100001293;1.391442716360064
10000;0.2700000100001292;1.391442716335841
10526.31578947368;0.2668500100001261;1.391136976138233
11052.63157894737;0.2638800100001231;1.390837106856407
11578.94736842105;0.2610800100001203;1.390542990287528
12105.26315789474;0.2584300100001177;1.390254484306668
12631.57894736842;0.2559100100001152;1.389971432175548
13157.8947368421;0.2535100100001128;1.389693669283682
13684.21052631579;0.2512400100001105;1.389421027480489
14210.52631578947;0.2490600100001083;1.389153338228174
14736.84210526316;0.2469800100001062;1.388890435165167
15263.15789473684;0.2449900100001042;1.388632155177298
15789.47368421053;0.2430800100001023;1.388378339753185
16315.78947368421;0.2412400100001005;1.388128835392
16842.10526315789;0.2394800100000987;1.387883494178524
17368.42105263158;0.237780010000097;1.387642173837695
17894.73684210526;0.2361500100000954;1.387404737834068
18421.05263157895;0.2345600100000938;1.387171055290457
18947.36842105263;0.2330400100000923;1.3869410010721
19473.68421052631;0.2315700100000908;1.386714455371421
20000;0.2301400100000894;1.386491303540809
20000;0.2301450100001598;1.386491253368204
22222.22222222222;0.2245850100001542;1.385584056426617
24444.44444444445;0.2196600100001493;1.384728180520897
26666.66666666667;0.2152550100001449;1.38391753438708
28888.88888888889;0.2112750100001409;1.383147042006548
31111.11111111111;0.2076550100001373;1.382412440299336
33333.33333333334;0.204335010000134;1.381710119844855
35555.55555555555;0.2012700100001309;1.381037000028023
37777.77777777778;0.1984350100001281;1.380390431525219
40000;0.1957950100001254;1.379768119646473
