0.1;1.723890010002826;0.2555357456255046
0.1494949494949495;1.635860010002249;0.2738750239938434
0.198989898989899;1.574730010001849;0.2865171775496594
0.2484848484848485;1.528090010001543;0.2959800350991837
0.297979797979798;1.490530010001297;0.3034216299625878
0.3474747474747475;1.459170010001092;0.309470884980955
0.396969696969697;1.432280010000916;0.3145070626837925
0.4464646464646466;1.408810010000762;0.3187760955526951
0.495959595959596;1.387990010000625;0.3224462469825786
0.5454545454545455;1.369340010000503;0.3256374937909013
0.594949494949495;1.352420010000392;0.3284382363681271
0.6444444444444445;1.336980010000291;0.330915382572255
0.693939393939394;1.322780010000198;0.3331207090977532
0.7434343434343434;1.309650010000112;0.3350950480997432
0.792929292929293;1.297450010000032;0.3368711206215075
0.8424242424242424;1.286050009999958;0.3384755186658587
0.891919191919192;1.275360009999888;0.3399301211111123
0.9414141414141415;1.265320009999822;0.3412531219930755
0.990909090909091;1.25583000999976;0.3424597951409744
1.04040404040404;1.246860009999701;0.3435630796800094
1.08989898989899;1.238340009999645;0.3445740157543425
1.13939393939394;1.230250009999592;0.3455020939767564
1.188888888888889;1.222530009999542;0.3463555224077485
1.238383838383839;1.215170009999493;0.347141441757413
1.287878787878788;1.208120009999447;0.3478661010526636
1.337373737373738;1.201360009999403;0.348534988756032
1.386868686868687;1.19487000999936;0.3491529549897696
1.436363636363637;1.18865000999932;0.349724300352258
1.485858585858586;1.18266000999928;0.3502528510360858
1.535353535353536;1.176900009999243;0.3507420282503666
1.584848484848485;1.171320009999206;0.3511948977314833
1.634343434343434;1.165950009999171;0.3516142180305838
1.683838383838384;1.160760009999137;0.3520024757681475
1.733333333333334;1.155720009999104;0.3523619234190681
1.782828282828283;1.150850009999072;0.3526946012634146
1.832323232323232;1.146140009999041;0.3530023662977876
1.881818181818182;1.141560009999011;0.3532869103172789
1.931313131313132;1.137120009998982;0.3535497795626976
1.980808080808081;1.132810009998954;0.3537923881498261
2.030303030303031;1.128600009998926;0.3540160355446334
2.07979797979798;1.124520009998899;0.3542219143903574
2.129292929292929;1.120550009998873;0.3544111227317568
2.178787878787879;1.116680009998848;0.354584674084803
2.228282828282829;1.112910009998823;0.3547435038954975
2.277777777777778;1.109220009998799;0.3548884788329988
2.327272727272728;1.105640009998776;0.3550204019353702
2.376767676767677;1.102130009998753;0.355140017382977
2.426262626262627;1.09871000999873;0.35524801730047
2.475757575757576;1.095370009998708;0.3553450465236276
2.525252525252526;1.092100009998687;0.3554317054640489
2.574747474747475;1.088910009998666;0.3555085526825464
2.624242424242424;1.085780009998646;0.355576112908113
2.673737373737374;1.082720009998626;0.3556348739079117
2.723232323232324;1.079740009998606;0.3556852942447051
2.772727272727273;1.076800009998587;0.3557278026621519
2.822222222222222;1.073930009998568;0.35576280028691
2.871717171717172;1.071100009998549;0.355790666861853
2.921212121212121;1.068350009998531;0.3558117556451239
2.970707070707071;1.065640009998514;0.3558264013991488
3.02020202020202;1.062980009998496;0.3558349175894651
3.06969696969697;1.060370009998479;0.3558376012703061
3.11919191919192;1.057810009998462;0.3558347317912826
3.168686868686869;1.055310009998446;0.3558265719084456
3.218181818181819;1.05283000999843;0.3558133708470725
3.267676767676768;1.050410009998414;0.3557953642724431
3.317171717171717;1.048030009998398;0.3557727734880043
3.366666666666667;1.045690009998383;0.3557458106895081
3.416161616161616;1.043380009998368;0.3557146736298661
3.465656565656566;1.041110009998353;0.3556795529430238
3.515151515151516;1.038890009998338;0.3556406270199496
3.564646464646465;1.036700009998324;0.355598066117901
3.614141414141415;1.03455000999831;0.3555520311543641
3.663636363636364;1.032420009998296;0.3555026761600433
3.713131313131314;1.030330009998282;0.3554501468126106
3.762626262626263;1.028270009998269;0.3553945815691297
3.812121212121212;1.026250009998256;0.3553361131996653
3.861616161616162;1.024260009998243;0.3552748658813261
3.911111111111111;1.02228000999823;0.3552109602129296
3.960606060606061;1.020350009998217;0.3551445102992887
4.01010101010101;1.018440009998204;0.3550756241551077
4.05959595959596;1.016560009998192;0.3550044064198537
4.109090909090909;1.01471000999818;0.3549309551801085
4.158585858585858;1.012870009998168;0.3548553657251535
4.208080808080808;1.011070009998156;0.3547777272730513
4.257575757575758;1.009290009998145;0.354698127238101
4.307070707070707;1.007540009998133;0.3546166470792636
4.356565656565657;1.005800009998122;0.3545333658550796
4.406060606060606;1.00409000999811;0.3544483588965526
4.455555555555556;1.002400009998099;0.3543616982855978
4.505050505050505;1.000730009998088;0.3542734535434787
4.554545454545455;0.9990800099980879;0.3541836901701516
4.604040404040404;0.9974700099980952;0.3540924722796682
4.653535353535354;0.9958600099981025;0.3539998596634116
4.703030303030303;0.9942800099981097;0.3539059115572027
4.752525252525253;0.9927200099981168;0.3538106827758719
4.802020202020202;0.9911700099981239;0.3537142276390697
4.851515151515152;0.9896500099981308;0.3536165963389025
4.901010101010101;0.9881400099981377;0.3535178398661207
4.950505050505051;0.9866500099981445;0.3534180047441977
5;0.9851700099981512;0.3533171354285419
0.01;2.279220010006464;0.1549908712190083
0.01090909090909091;2.256530010006315;0.1583381764833738
0.01181818181818182;2.235760010006179;0.1614593620427917
0.01272727272727273;2.216710010006055;0.1643844515524247
0.01363636363636364;2.199000010005939;0.1671376934115928
0.01454545454545455;2.182550010005831;0.1697389779868617
0.01545454545454546;2.16718001000573;0.1722048509012276
0.01636363636363636;2.152740010005636;0.1745492132784808
0.01727272727272727;2.139140010005546;0.1767838756519242
0.01818181818181818;2.126310010005462;0.1789189698608956
0.01909090909090909;2.114130010005383;0.1809632391622533
0.02;2.102530010005307;0.182924300044912
0.02090909090909091;2.091510010005234;0.184808826096221
0.02181818181818182;2.080980010005165;0.1866226995162172
0.02272727272727273;2.0709400100051;0.1883711319216689
0.02363636363636364;2.061300010005036;0.1900587608763681
0.02454545454545455;2.052050010004976;0.1916897478717303
0.02545454545454546;2.043150010004918;0.1932678168276616
0.02636363636363637;2.034610010004862;0.1947963357302409
0.02727272727272727;2.026360010004808;0.1962783547858269
0.02818181818181818;2.018410010004756;0.1977166416509609
0.02909090909090909;2.010710010004705;0.1991137225080548
0.03;2.003290010004656;0.2004718970868323
0.03090909090909091;1.996090010004609;0.2017932852521121
0.03181818181818182;1.989130010004564;0.2030798282212214
0.03272727272727273;1.982350010004519;0.2043333113766821
0.03363636363636364;1.975790010004476;0.2055553897313862
0.03454545454545455;1.969410010004434;0.206747594868804
0.03545454545454546;1.963220010004394;0.2079113393423491
0.03636363636363637;1.957180010004354;0.2090479476744544
0.03727272727272728;1.951310010004316;0.2101586395000516
0.03818181818181818;1.945570010004278;0.2112445577835309
0.03909090909090909;1.940010010004242;0.2123067771964539
0.04;1.934570010004206;0.2133462904952217
0.04090909090909092;1.929250010004171;0.2143640394383368
0.04181818181818182;1.924050010004137;0.2153608973363245
0.04272727272727273;1.919010010004104;0.2163376915366558
0.04363636363636365;1.914030010004072;0.2172951980972092
0.04454545454545455;1.90919001000404;0.2182341519974932
0.04545454545454546;1.904460010004009;0.2191552359354954
0.04636363636363637;1.899800010003978;0.2200591087384742
0.04727272727272728;1.895290010003949;0.2209463852682777
0.04818181818181819;1.89082001000392;0.2218176490208023
0.0490909090909091;1.886450010003891;0.2226734469641154
0.05;1.882200010003863;0.2235143104685359
0.05090909090909092;1.877980010003836;0.2243407338343615
0.05181818181818183;1.873860010003809;0.2251531887077091
0.05272727272727273;1.869840010003782;0.2259521269010125
0.05363636363636364;1.865870010003756;0.2267379739712948
0.05454545454545455;1.861970010003731;0.2275111377677151
0.05545454545454546;1.858150010003706;0.2282720096613547
0.05636363636363637;1.854380010003681;0.2290209567228952
0.05727272727272728;1.850710010003657;0.2297583386685469
0.05818181818181819;1.847070010003633;0.2304844846160157
0.0590909090909091;1.84348001000361;0.231199726532469
0.06;1.839970010003587;0.2319043715469223
0.06090909090909092;1.836520010003564;0.2325987124385498
0.06181818181818183;1.833130010003542;0.2332830400717183
0.06272727272727273;1.82979001000352;0.2339576233790592
0.06363636363636364;1.826490010003498;0.2346227208691158
0.06454545454545454;1.823240010003477;0.2352785869139271
0.06545454545454546;1.820030010003456;0.2359254613561211
0.06636363636363637;1.816860010003435;0.2365635769627445
0.06727272727272728;1.813780010003415;0.2371931532040462
0.06818181818181819;1.810710010003395;0.2378144082556777
0.06909090909090909;1.807670010003375;0.2384275453612287
0.07000000000000001;1.804690010003355;0.2390327624647316
0.07090909090909092;1.801780010003336;0.2396302538723831
0.07181818181818182;1.798870010003317;0.2402202027497205
0.07272727272727274;1.796030010003299;0.2408027852830363
0.07363636363636364;1.79320001000328;0.2413781756303132
0.07454545454545454;1.790400010003262;0.2419465348716937
0.07545454545454545;1.787680010003244;0.2425080267114148
0.07636363636363637;1.784950010003226;0.243062804889796
0.07727272727272728;1.782270010003209;0.2436110200632307
0.07818181818181819;1.779620010003191;0.2441528120216426
0.07909090909090909;1.777020010003174;0.2446883239780683
0.08;1.774460010003157;0.2452176914142278
0.0809090909090909;1.771900010003141;0.2457410431494145
0.08181818181818183;1.769370010003124;0.2462585065869618
0.08272727272727273;1.766880010003108;0.2467702047554903
0.08363636363636365;1.764420010003092;0.2472762548398248
0.08454545454545455;1.762000010003076;0.2477767739076706
0.08545454545454545;1.75960001000306;0.2482718714711668
0.08636363636363636;1.757230010003044;0.248761657387577
0.08727272727272728;1.754850010003029;0.2492462351016265
0.08818181818181819;1.752540010003014;0.2497257095004421
0.0890909090909091;1.750240010002999;0.2502001770977014
0.09;1.747960010002984;0.2506697340398129
0.09090909090909093;1.745720010002969;0.2511344767207115
0.09181818181818183;1.743500010002955;0.2515944916487869
0.09272727272727274;1.74129001000294;0.2520498698771538
0.09363636363636364;1.739130010002926;0.2525006943971012
0.09454545454545454;1.736940010002912;0.2529470509384161
0.09545454545454546;1.734840010002898;0.2533890214158169
0.09636363636363636;1.732720010002884;0.253826681050803
0.09727272727272727;1.73064001000287;0.2542601117708432
0.09818181818181818;1.728550010002857;0.2546893835050821
0.09909090909090909;1.726530010002843;0.255114569882675
0.1;1.72447001000283;0.2555357438445768
0.1;1.724400009999826;0.2555357851091512
0.101010101010101;1.722100009999827;0.2559991304991214
0.102020202020202;1.719900009999827;0.2564577037802389
0.103030303030303;1.717700009999827;0.2569115852849351
0.104040404040404;1.715700009999827;0.2573608708372944
0.1050505050505051;1.713400009999828;0.2578056413199271
0.1060606060606061;1.711400009999828;0.2582459557862696
0.1070707070707071;1.709300009999828;0.2586819363402539
0.1080808080808081;1.707400009999828;0.2591136474665173
0.1090909090909091;1.705000009999829;0.2595411601119721
0.1101010101010101;1.703000009999829;0.2599645371667526
0.1111111111111111;1.701000009999829;0.2603838617971623
0.1121212121212121;1.699100009999829;0.2607992049411233
0.1131313131313131;1.697200009999829;0.2612106285823108
0.1141414141414142;1.69530000999983;0.2616181939440532
0.1151515151515152;1.69340000999983;0.2620219895743399
0.1161616161616162;1.69120000999983;0.2624220715750636
0.1171717171717172;1.68930000999983;0.2628184757550802
0.1181818181818182;1.687500009999831;0.2632112914369399
0.1191919191919192;1.685500009999831;0.2636005936978761
0.1202020202020202;1.683700009999831;0.2639863699807188
0.1212121212121212;1.682100009999831;0.2643687219267361
0.1222222222222222;1.680100009999831;0.264747723630253
0.1232323232323232;1.678200009999832;0.265123406145219
0.1242424242424243;1.676600009999832;0.265495813823056
0.1252525252525253;1.674700009999832;0.2658650090899887
0.1262626262626263;1.673100009999832;0.2662310378985208
0.1272727272727273;1.671200009999832;0.2665939448801881
0.1282828282828283;1.669600009999832;0.2669537763217282
0.1292929292929293;1.667800009999833;0.2673106001034212
0.1303030303030303;1.666000009999833;0.2676644242439049
0.1313131313131313;1.664200009999833;0.2680153316847036
0.1323232323232323;1.662900009999833;0.2683633537134089
0.1333333333333333;1.661100009999833;0.2687085133309101
0.1343434343434343;1.659700009999834;0.2690508605606325
0.1353535353535354;1.657800009999834;0.2693904539680873
0.1363636363636364;1.656300009999834;0.2697273158855269
0.1373737373737374;1.654700009999834;0.270061492475097
0.1383838383838384;1.653200009999834;0.270393022219729
0.1393939393939394;1.651400009999834;0.270721941608505
0.1404040404040404;1.649800009999835;0.271048264989546
0.1414141414141414;1.648300009999835;0.2713720677303964
0.1424242424242424;1.646900009999835;0.2716933679524672
0.1434343434343434;1.645400009999835;0.2720121852831299
0.1444444444444445;1.643700009999835;0.2723285663698876
0.1454545454545454;1.642200009999836;0.2726425525648632
0.1464646464646465;1.640700009999836;0.2729541657365314
0.1474747474747475;1.639200009999836;0.2732634343695151
0.1484848484848485;1.638000009999836;0.2735703808724794
0.1494949494949495;1.636100009999836;0.2738750637242588
0.1505050505050505;1.634800009999836;0.2741774941281125
0.1515151515151515;1.633200009999836;0.2744776962848717
0.1525252525252525;1.632100009999837;0.2747757309061781
0.1535353535353536;1.630600009999837;0.2750715853029433
0.1545454545454545;1.629200009999837;0.2753652920971777
0.1555555555555556;1.627700009999837;0.2756569018793169
0.1565656565656566;1.626400009999837;0.275946437880269
0.1575757575757576;1.624800009999837;0.2762339164383573
0.1585858585858586;1.623500009999838;0.2765193504008913
0.1595959595959596;1.622200009999838;0.2768027927308893
0.1606060606060606;1.620700009999838;0.2770842368788638
0.1616161616161616;1.619300009999838;0.2773637460479469
0.1626262626262626;1.618200009999838;0.2776413173530249
0.1636363636363636;1.616800009999838;0.2779169763593973
0.1646464646464647;1.615400009999838;0.2781907476883369
0.1656565656565657;1.614400009999839;0.2784626516681308
0.1666666666666667;1.612800009999839;0.2787327239071756
0.1676767676767677;1.611800009999839;0.2790009665772358
0.1686868686868687;1.610300009999839;0.2792674209900767
0.1696969696969697;1.609100009999839;0.2795320796878249
0.1707070707070707;1.607900009999839;0.2797949995705442
0.1717171717171717;1.606600009999839;0.2800561786375854
0.1727272727272727;1.60530000999984;0.2803156414998316
0.1737373737373737;1.60400000999984;0.2805733936262649
0.1747474747474748;1.60270000999984;0.2808294803520832
0.1757575757575758;1.60160000999984;0.2810839156257748
0.1767676767676768;1.60040000999984;0.281336707507092
0.1777777777777778;1.59910000999984;0.2815878790259312
0.1787878787878788;1.59800000999984;0.2818374386333982
0.1797979797979798;1.596500009999841;0.2820853988957822
0.1808080808080808;1.595500009999841;0.2823318130815927
0.1818181818181818;1.594500009999841;0.2825766610540917
0.1828282828282828;1.593000009999841;0.2828200011334892
0.1838383838383839;1.591800009999841;0.2830617860995643
0.1848484848484849;1.590700009999841;0.2833020898585477
0.1858585858585859;1.589500009999841;0.2835409034189848
0.1868686868686869;1.588300009999841;0.283778261169914
0.1878787878787879;1.587400009999842;0.2840141407379069
0.1888888888888889;1.586300009999842;0.2842486157883038
0.1898989898989899;1.585200009999842;0.2844816344923223
0.1909090909090909;1.583800009999842;0.2847132592081791
0.1919191919191919;1.582800009999842;0.2849434782433303
0.192929292929293;1.581600009999842;0.2851723213610034
0.193939393939394;1.580700009999842;0.2853998051058013
0.194949494949495;1.579500009999842;0.2856259336814667
0.1959595959595959;1.578500009999843;0.2858507378254711
0.196969696969697;1.577100009999843;0.2860741992985798
0.197979797979798;1.576000009999843;0.2862963549180877
0.198989898989899;1.575200009999843;0.2865172184425137
0.2;1.573900009999843;0.2867367945319196
0.2;1.574070010001845;0.2867367536580226
0.203030303030303;1.570890010001824;0.2873879041950622
0.2060606060606061;1.567780010001803;0.2880279415861421
0.2090909090909091;1.564680010001783;0.2886571900977945
0.2121212121212121;1.561640010001763;0.2892759550267496
0.2151515151515151;1.558660010001744;0.2898845339573927
0.2181818181818182;1.555730010001724;0.29048320851841
0.2212121212121212;1.552820010001705;0.2910722497369194
0.2242424242424242;1.549970010001687;0.2916519189958348
0.2272727272727273;1.547140010001668;0.2922224686342315
0.2303030303030303;1.54435001000165;0.2927841364033786
0.2333333333333333;1.541620010001632;0.2933371553943641
0.2363636363636364;1.538930010001614;0.2938817482290704
0.2393939393939394;1.536280010001597;0.2944181300043179
0.2424242424242424;1.53364001000158;0.2949465060708537
0.2454545454545455;1.531060010001563;0.295467077208309
0.2484848484848485;1.528470010001546;0.2959800349088574
0.2515151515151515;1.525980010001529;0.2964855631855339
0.2545454545454546;1.523480010001513;0.2969838409930207
0.2575757575757576;1.521010010001497;0.2974750425708349
0.2606060606060606;1.518580010001481;0.2979593323153634
0.2636363636363637;1.516190010001465;0.2984368695517003
0.2666666666666667;1.51382001000145;0.2989078135096362
0.2696969696969697;1.511460010001434;0.2993723126092336
0.2727272727272727;1.509140010001419;0.2998305113375091
0.2757575757575758;1.506890010001404;0.3002825513796351
0.2787878787878788;1.50463001000139;0.3007285691172301
0.2818181818181819;1.502400010001375;0.3011686947536777
0.2848484848484849;1.50017001000136;0.3016030567236551
0.2878787878787879;1.497980010001346;0.3020317793176885
0.2909090909090909;1.495840010001332;0.3024549815900398
0.2939393939393939;1.493700010001318;0.3028727792326094
0.296969696969697;1.491590010001304;0.3032852837586875
0.3;1.489520010001291;0.3036926075362365
0.303030303030303;1.487460010001277;0.3040948530920872
0.3060606060606061;1.485410010001264;0.3044921260113109
0.3090909090909091;1.48339001000125;0.3048845243738282
0.3121212121212121;1.481390010001237;0.3052721461258454
0.3151515151515152;1.479400010001224;0.3056550848795445
0.3181818181818182;1.477460010001212;0.3060334325315578
0.3212121212121212;1.475510010001199;0.3064072766974459
0.3242424242424242;1.473620010001186;0.306776704733661
0.3272727272727273;1.471680010001174;0.3071418008566811
0.3303030303030303;1.469810010001162;0.3075026479358625
0.3333333333333334;1.467940010001149;0.3078593237347287
0.3363636363636364;1.466100010001137;0.3082119053498377
0.3393939393939394;1.464280010001125;0.3085604706156816
0.3424242424242424;1.462490010001114;0.3089050908974608
0.3454545454545455;1.460680010001102;0.3092458375546541
0.3484848484848485;1.45892001000109;0.3095827809144658
0.3515151515151516;1.457170010001079;0.3099159889758936
0.3545454545454546;1.455410010001067;0.310245526430121
0.3575757575757575;1.453680010001056;0.3105714591264188
0.3606060606060606;1.452000010001045;0.3108938495437937
0.3636363636363636;1.450290010001034;0.3112127590570417
0.3666666666666667;1.448620010001023;0.3115282458349454
0.3696969696969697;1.446950010001012;0.3118403686232917
0.3727272727272727;1.445300010001001;0.3121491855599285
0.3757575757575757;1.44368001000099;0.3124547517072367
0.3787878787878788;1.44203001000098;0.3127571192646079
0.3818181818181818;1.440430010000969;0.3130563441254631
0.3848484848484849;1.438840010000959;0.3133524757895021
0.3878787878787879;1.437260010000948;0.3136455644997816
0.3909090909090909;1.435710010000938;0.3139356604080058
0.3939393939393939;1.434150010000928;0.3142228104671708
0.396969696969697;1.432620010000918;0.314507062230598
0.4;1.431090010000908;0.3147884620495113
0.403030303030303;1.429550010000898;0.3150670547942631
0.4060606060606061;1.428060010000888;0.3153428829606945
0.4090909090909091;1.426580010000878;0.315615990923387
0.4121212121212121;1.425080010000868;0.315886419064397
0.4151515151515152;1.423640010000859;0.3161542100359163
0.4181818181818182;1.422180010000849;0.3164194026723429
0.4212121212121212;1.42074001000084;0.316682036083614
0.4242424242424243;1.419290010000831;0.316942150198769
0.4272727272727272;1.417880010000821;0.3171997813331704
0.4303030303030303;1.416470010000812;0.3174549656334101
0.4333333333333333;1.415050010000803;0.3177077408593363
0.4363636363636364;1.413660010000794;0.3179581408465558
0.4393939393939394;1.412290010000785;0.3182062008920358
0.4424242424242424;1.410920010000776;0.3184519545187074
0.4454545454545454;1.409550010000767;0.3186954345090795
0.4484848484848485;1.408220010000758;0.318936673677531
0.4515151515151515;1.406880010000749;0.3191757039774559
0.4545454545454545;1.40554001000074;0.3194125562592083
0.4575757575757576;1.404220010000732;0.3196472606025131
0.4606060606060606;1.402920010000723;0.3198798463111678
0.4636363636363636;1.401630010000715;0.3201103443799957
0.4666666666666667;1.400330010000706;0.3203387826757783
0.4696969696969697;1.399060010000698;0.3205651901236582
0.4727272727272727;1.39778001000069;0.3207895924160799
0.4757575757575758;1.396510010000681;0.3210120186975522
0.4787878787878788;1.395260010000673;0.3212324943851987
0.4818181818181818;1.393990010000665;0.3214510453915035
0.4848484848484849;1.392760010000657;0.3216676977079257
0.4878787878787879;1.391530010000649;0.3218824777785737
0.4909090909090909;1.390310010000641;0.32209540677083
0.493939393939394;1.389090010000633;0.3223065128249682
0.496969696969697;1.387900010000625;0.3225158169943192
0.5;1.386700010000617;0.3227233431924422
0.001;2.944760010010824;0.08437419168084473
0.001090909090909091;2.916950010010642;0.08643386803210655
0.001181818181818182;2.891590010010476;0.08836767352717265
0.001272727272727273;2.868290010010323;0.09019191325684534
0.001363636363636364;2.846720010010182;0.09191977586528147
0.001454545454545455;2.826670010010051;0.09356210786912772
0.001545454545454546;2.808000010009928;0.09512797563773706
0.001636363636363636;2.790460010009813;0.09662499929083443
0.001727272727272727;2.773970010009705;0.09805967526436495
0.001818181818181818;2.758410010009603;0.09943758198440189
0.001909090909090909;2.743650010009507;0.1007635533250766
0.002;2.729680010009415;0.1020417970432444
0.002090909090909091;2.716360010009328;0.1032760293172977
0.002181818181818182;2.703660010009245;0.1044695063386843
0.002272727272727273;2.691520010009165;0.1056251473692714
0.002363636363636364;2.679900010009089;0.106745526364849
0.002454545454545455;2.668760010009016;0.1078329805565912
0.002545454545454546;2.658100010008946;0.1088895786558212
0.002636363636363637;2.647800010008879;0.1099172371766454
0.002727272727272727;2.637880010008814;0.1109176587000482
0.002818181818181819;2.628340010008751;0.1118924016820977
0.002909090909090909;2.619100010008691;0.1128428933271698
0.003;2.610200010008632;0.113770439139557
0.003090909090909091;2.601570010008576;0.1146762356286803
0.003181818181818182;2.593230010008521;0.1155613806771219
0.003272727272727273;2.585130010008468;0.1164268911204834
0.003363636363636364;2.577300010008417;0.1172737125343711
0.003454545454545455;2.569640010008367;0.1181027207088921
0.003545454545454546;2.562250010008318;0.1189147180644086
0.003636363636363636;2.555040010008271;0.1197104536460559
0.003727272727272728;2.548030010008225;0.120490640047744
0.003818181818181819;2.54118001000818;0.1212559323687083
0.003909090909090909;2.534530010008137;0.1220069345210194
0.004;2.528040010008094;0.1227442412139066
0.004090909090909091;2.521700010008053;0.1234683678845306
0.004181818181818182;2.515510010008012;0.1241798360558166
0.004272727272727274;2.509470010007973;0.1248791191740919
0.004363636363636364;2.503600010007934;0.1255666696245112
0.004454545454545455;2.497810010007896;0.1262429115054715
0.004545454545454545;2.492190010007859;0.1269082375650228
0.004636363636363636;2.486640010007823;0.1275630307954561
0.004727272727272728;2.481260010007788;0.128207656386396
0.004818181818181819;2.475940010007753;0.1288424488526521
0.00490909090909091;2.470780010007719;0.1294677327830188
0.005;2.465680010007686;0.1300838069308728
0.005090909090909091;2.460720010007653;0.1306909764164234
0.005181818181818182;2.455830010007621;0.1312895058901763
0.005272727272727274;2.45103001000759;0.1318796621266906
0.005363636363636364;2.446320010007559;0.1324616994729846
0.005454545454545455;2.441710010007529;0.1330358525436188
0.005545454545454546;2.437170010007499;0.1336023599984103
0.005636363636363637;2.43270001000747;0.1341614312633067
0.005727272727272728;2.428330010007441;0.1347132738324558
0.005818181818181819;2.424000010007413;0.1352580907806918
0.00590909090909091;2.419770010007385;0.1357960843490922
0.006;2.415630010007358;0.1363274200997542
0.006090909090909091;2.411540010007331;0.1368522878531079
0.006181818181818182;2.407510010007305;0.1373708424363347
0.006272727272727273;2.403540010007279;0.1378832631639929
0.006363636363636364;2.399610010007253;0.1383896963371229
0.006454545454545455;2.395760010007228;0.1388902852484357
0.006545454545454546;2.391980010007203;0.139385180418568
0.006636363636363637;2.388250010007178;0.1398745268753685
0.006727272727272728;2.384580010007154;0.1403584438369544
0.006818181818181819;2.380950010007131;0.140837071326574
0.00690909090909091;2.377380010007107;0.1413105220705477
0.007000000000000001;2.373840010007084;0.1417789274787278
0.007090909090909092;2.370400010007061;0.1422423899110725
0.007181818181818182;2.366980010007039;0.1427010285369882
0.007272727272727274;2.363600010007017;0.1431549479715246
0.007363636363636365;2.360260010006995;0.143604258423298
0.007454545454545456;2.356950010006973;0.1440490457969099
0.007545454545454547;2.353730010006952;0.1444894143509925
0.007636363636363636;2.350510010006931;0.144925458640097
0.007727272727272728;2.347360010006911;0.1453572705579291
0.007818181818181818;2.34423001000689;0.1457849295948108
0.007909090909090911;2.34115001000687;0.1462085213160732
0.008;2.33811001000685;0.146628133942041
0.008090909090909091;2.33511001000683;0.1470438483975211
0.008181818181818182;2.332120010006811;0.147455736896223
0.008272727272727274;2.329190010006791;0.1478638728653706
0.008363636363636365;2.326290010006772;0.1482683301013567
0.008454545454545456;2.323420010006754;0.1486691849515042
0.008545454545454547;2.320610010006735;0.1490664964218733
0.008636363636363636;2.317790010006717;0.1494603328046701
0.008727272727272729;2.315030010006699;0.149850765757505
0.008818181818181819;2.312270010006681;0.1502378499326975
0.008909090909090912;2.309560010006663;0.1506216440947856
0.009000000000000001;2.306880010006645;0.1510022150030181
0.00909090909090909;2.304260010006628;0.1513796191049075
0.009181818181818183;2.301620010006611;0.1517539045322135
0.009272727272727273;2.299030010006594;0.1521251322620355
0.009363636363636366;2.296460010006577;0.1524933525347583
0.009454545454545455;2.29393001000656;0.1528586179918837
0.009545454545454548;2.291410010006544;0.1532209767479428
0.009636363636363637;2.288910010006528;0.1535804853818254
0.009727272727272727;2.286440010006511;0.1539371802983482
0.00981818181818182;2.284010010006496;0.1542911145657276
0.009909090909090909;2.28162001000648;0.1546423259361684
0.01;2.279220010006464;0.1549908712190083
0.0001;3.785700010003564;0.04375651212148015
0.0001090909090909091;3.749500010003488;0.04487724453897128
0.0001181818181818182;3.716800010003419;0.04593239601565049
0.0001272727272727273;3.686400010003355;0.04693055356980576
0.0001363636363636364;3.658500010003296;0.0478783504917613
0.0001454545454545455;3.632800010003242;0.0487813444469558
0.0001545454545454545;3.608700010003191;0.0496443085119229
0.0001636363636363636;3.586300010003144;0.05047128058924583
0.0001727272727272727;3.564900010003099;0.05126547713129705
0.0001818181818181818;3.545200010003057;0.05202987375970479
0.0001909090909090909;3.526300010003017;0.0527669913940188
0.0002;3.508400010002979;0.05347893049501664
0.0002090909090909091;3.491400010002943;0.05416774266706892
0.0002181818181818182;3.475200010002909;0.05483502200194521
0.0002272727272727273;3.460000010002877;0.05548228349572564
0.0002363636363636364;3.444900010002845;0.05611101246108822
0.0002454545454545454;3.430700010002815;0.05672228591152671
0.0002545454545454546;3.417100010002787;0.05731722671024237
0.0002636363636363636;3.404100010002759;0.0578968538793378
0.0002727272727272727;3.391600010002733;0.05846196973242886
0.0002818181818181818;3.379400010002707;0.05901359755925138
0.0002909090909090909;3.367800010002683;0.05955219824885131
0.0003;3.35690001000266;0.06007867183007534
0.0003090909090909091;3.345800010002636;0.06059358764174175
0.0003181818181818182;3.335200010002614;0.06109740715405891
0.0003272727272727273;3.325000010002592;0.06159088442890014
0.0003363636363636364;3.315300010002572;0.06207441380853598
0.0003454545454545454;3.305600010002551;0.06254832164877593
0.0003545454545454546;3.296400010002532;0.06301322539105035
0.0003636363636363636;3.287000010002512;0.06346946863054456
0.0003727272727272727;3.278500010002494;0.06391732092087529
0.0003818181818181818;3.269600010002475;0.06435722765479775
0.0003909090909090909;3.261300010002458;0.06478940728121173
0.0004;3.253400010002441;0.06521441122043309
0.0004090909090909091;3.245400010002424;0.06563224496311833
0.0004181818181818182;3.237400010002407;0.06604330417453205
0.0004272727272727273;3.230100010002392;0.06644789511824764
0.0004363636363636363;3.222600010002376;0.06684603568490377
0.0004454545454545455;3.215400010002361;0.06723821239365491
0.0004545454545454545;3.208400010002346;0.06762445828829917
0.0004636363636363636;3.201600010002332;0.06800504658635212
0.0004727272727272727;3.194700010002317;0.06838022904837304
0.0004818181818181818;3.187900010002303;0.06874998629167642
0.0004909090909090909;3.181400010002289;0.06911459203267555
0.0005;3.175200010002276;0.06947427852238557
0.0005090909090909091;3.169300010002264;0.0698292941439255
0.0005181818181818182;3.163100010002251;0.07017945976480795
0.0005272727272727272;3.157200010002238;0.07052521250023625
0.0005363636363636364;3.151000010002225;0.07086651836448843
0.0005454545454545455;3.145500010002213;0.07120352173574035
0.0005545454545454546;3.139800010002201;0.07153647675228829
0.0005636363636363636;3.13440001000219;0.07186541430963665
0.0005727272727272727;3.129000010002179;0.07219036274958342
0.0005818181818181818;3.123200010002166;0.07251145235273972
0.0005909090909090909;3.118000010002155;0.07282900881753036
0.0005999999999999999;3.112800010002144;0.07314278850349411
0.0006090909090909092;3.107800010002134;0.07345317312991809
0.0006181818181818182;3.102900010002124;0.07376003215143651
0.0006272727272727273;3.097900010002113;0.0740635321372438
0.0006363636363636364;3.093100010002103;0.07436388841470244
0.0006454545454545455;3.088400010002093;0.07466097661252387
0.0006545454545454545;3.083700010002083;0.07495501288326352
0.0006636363636363636;3.079100010002073;0.07524600413565562
0.0006727272727272728;3.074600010002064;0.07553401580933035
0.0006818181818181819;3.070100010002054;0.0758191733344776
0.0006909090909090909;3.065600010002045;0.07610150039545208
0.0007000000000000001;3.061100010002035;0.07638104943013592
0.0007090909090909091;3.057000010002027;0.0766579247524201
0.0007181818181818182;3.052700010002018;0.07693216063022162
0.0007272727272727272;3.048400010002009;0.07720376245068407
0.0007363636363636365;3.044600010002001;0.07747290001136761
0.0007454545454545455;3.040400010001992;0.0777395213243765
0.0007545454545454546;3.036200010001983;0.07800375920551933
0.0007636363636363636;3.032600010001975;0.07826560008912578
0.0007727272727272727;3.028400010001966;0.07852514573772863
0.0007818181818181819;3.024500010001958;0.07878241242235905
0.000790909090909091;3.021000010001951;0.0790373971538698
0.0008;3.017300010001943;0.07929026148246426
0.0008090909090909092;3.013400010001935;0.07954100834249182
0.0008181818181818182;3.009600010001927;0.07978960071408121
0.0008272727272727273;3.006100010001919;0.08003611448094708
0.0008363636363636363;3.002600010001912;0.08028060985206927
0.0008454545454545455;2.998900010001904;0.08052311285531567
0.0008545454545454546;2.995600010001897;0.08076373512051747
0.0008636363636363637;2.99220001000189;0.08100240234183172
0.0008727272727272727;2.988700010001883;0.08123915287437158
0.0008818181818181819;2.985400010001876;0.08147409667532735
0.0008909090909090909;2.981900010001868;0.08170724934344033
0.0009;2.978700010001861;0.08193860499338282
0.0009090909090909092;2.975500010001855;0.08216820975416735
0.0009181818181818182;2.972100010001848;0.08239605869595533
0.0009272727272727273;2.969000010001841;0.08262223053620037
0.0009363636363636364;2.965800010001834;0.08284677379384908
0.0009454545454545454;2.962700010001828;0.08306966282968961
0.0009545454545454546;2.959600010001821;0.0832910130586698
0.0009636363636363636;2.956700010001815;0.08351070322160623
0.0009727272727272728;2.953400010001808;0.08372883623467767
0.0009818181818181818;2.950600010001802;0.08394544526694663
0.0009909090909090909;2.947500010001796;0.08416054260290155
0.001;2.94470001000179;0.0843742138286997
1e-05;4.935100010001837;0.02225731544737436
1.090909090909091e-05;4.882800010001959;0.02283592717852032
1.181818181818182e-05;4.835800010002068;0.02338129684422389
1.272727272727273e-05;4.792800010002169;0.02389799803944542
1.363636363636364e-05;4.75340001000226;0.02438935583848934
1.454545454545455e-05;4.717000010002345;0.02485799773779412
1.545454545454545e-05;4.682900010002425;0.02530630533011616
1.636363636363637e-05;4.651500010002498;0.02573636780749739
1.727272727272727e-05;4.621800010002567;0.02614987809736658
1.818181818181818e-05;4.594000010002632;0.02654815424496627
1.909090909090909e-05;4.567500010002694;0.02693263027118516
2e-05;4.543000010002751;0.02730430831902559
2.090909090909091e-05;4.519100010002806;0.02766425488926979
2.181818181818182e-05;4.496700010002859;0.02801312881475587
2.272727272727273e-05;4.475400010002908;0.02835192534264857
2.363636363636364e-05;4.455100010002956;0.02868120243057271
2.454545454545455e-05;4.435800010003001;0.02900162778504145
2.545454545454545e-05;4.417300010003044;0.02931373871555015
2.636363636363637e-05;4.399100010003086;0.02961796643969907
2.727272727272728e-05;4.382100010003126;0.02991486257005929
2.818181818181818e-05;4.365700010003164;0.03020484736132595
2.909090909090909e-05;4.349500010003202;0.03048804578309904
3e-05;4.334400010003237;0.0307651395291753
3.090909090909091e-05;4.319300010003272;0.03103629801215196
3.181818181818182e-05;4.305100010003305;0.03130195303540114
3.272727272727273e-05;4.291500010003337;0.03156224076516881
3.363636363636364e-05;4.277800010003369;0.03181724590789813
3.454545454545455e-05;4.264900010003399;0.03206746823230342
3.545454545454546e-05;4.252000010003429;0.0323130641625663
3.636363636363637e-05;4.239900010003457;0.03255428018290552
3.727272727272728e-05;4.228300010003484;0.03279118344565537
3.818181818181819e-05;4.216300010003512;0.03302389940669449
3.909090909090909e-05;4.205400010003538;0.03325275881624609
4e-05;4.194500010003563;0.03347785014029706
4.090909090909091e-05;4.183800010003588;0.0336992377926042
4.181818181818182e-05;4.173400010003612;0.03391731658741601
4.272727272727273e-05;4.163200010003636;0.03413190022297061
4.363636363636364e-05;4.153300010003659;0.03434323924573082
4.454545454545455e-05;4.143600010003682;0.03455161250356941
4.545454545454545e-05;4.134000010003704;0.03475671775597489
4.636363636363636e-05;4.124700010003726;0.03495911993277983
4.727272727272727e-05;4.115700010003747;0.03515866544814357
4.818181818181819e-05;4.107100010003767;0.03535542058171386
4.909090909090909e-05;4.098400010003787;0.03554950491536236
5e-05;4.089700010003807;0.03574110276124288
5.090909090909091e-05;4.081800010003826;0.03593022680897374
5.181818181818182e-05;4.073400010003845;0.0361169003433614
5.272727272727273e-05;4.065300010003864;0.03630127144478757
5.363636363636363e-05;4.057600010003882;0.03648343886512322
5.454545454545455e-05;4.050200010003899;0.03666336219187687
5.545454545454546e-05;4.042600010003917;0.03684112563323222
5.636363636363637e-05;4.035200010003934;0.03701688816105883
5.727272727272727e-05;4.028000010003951;0.03719053797216801
5.818181818181818e-05;4.020700010003968;0.03736219771256274
5.90909090909091e-05;4.013900010003984;0.03753207950413187
6e-05;4.006800010004;0.03769998753054952
6.090909090909091e-05;4.000300010004016;0.03786621929503473
6.181818181818182e-05;3.993600010004003;0.03803045530053594
6.272727272727274e-05;3.987000010003989;0.03819317346731151
6.363636363636364e-05;3.980700010003976;0.03835412068516617
6.454545454545455e-05;3.974200010003962;0.03851340226804774
6.545454545454546e-05;3.968100010003949;0.0386711516891469
6.636363636363638e-05;3.962000010003937;0.03882732746117484
6.727272727272729e-05;3.956100010003924;0.03898196579838614
6.818181818181818e-05;3.950300010003912;0.03913500330186164
6.90909090909091e-05;3.944300010003899;0.03928671071030888
7.000000000000001e-05;3.938400010003887;0.03943694775352172
7.090909090909092e-05;3.932900010003875;0.03958574178644291
7.181818181818182e-05;3.927300010003863;0.03973328487457533
7.272727272727273e-05;3.921900010003852;0.03987942719297689
7.363636363636364e-05;3.91630001000384;0.04002423163091104
7.454545454545455e-05;3.910900010003829;0.04016774661344451
7.545454545454546e-05;3.906000010003818;0.04031014314602893
7.636363636363636e-05;3.900600010003807;0.04045113883787247
7.727272727272727e-05;3.895400010003796;0.04059111538175354
7.818181818181818e-05;3.890300010003785;0.04072975391209226
7.90909090909091e-05;3.885400010003775;0.04086733637563518
8.000000000000001e-05;3.880400010003764;0.04100372004266099
8.09090909090909e-05;3.875400010003754;0.04113901861398313
8.181818181818183e-05;3.870900010003744;0.04127322278493784
8.272727272727273e-05;3.865900010003734;0.04140634220862575
8.363636363636364e-05;3.861500010003724;0.04153846466830572
8.454545454545455e-05;3.856700010003714;0.04166957557843122
8.545454545454545e-05;3.852300010003705;0.04179961455346207
8.636363636363637e-05;3.847900010003696;0.04192865938164351
8.727272727272727e-05;3.843100010003686;0.04205676273212224
8.818181818181818e-05;3.838700010003676;0.04218390548002234
8.909090909090909e-05;3.834400010003667;0.04231004943883065
8.999999999999999e-05;3.830200010003658;0.04243540262033136
9.09090909090909e-05;3.825800010003649;0.04255973149906104
9.181818181818183e-05;3.821900010003641;0.0426831035358361
9.272727272727274e-05;3.817500010003632;0.04280576040015322
9.363636363636364e-05;3.813400010003623;0.04292748765471469
9.454545454545455e-05;3.809300010003614;0.04304833831696139
9.545454545454546e-05;3.805400010003606;0.04316850198872894
9.636363636363637e-05;3.801200010003597;0.04328756131471472
9.727272727272727e-05;3.797500010003589;0.0434060870356851
9.818181818181818e-05;3.793600010003581;0.04352362891020375
9.909090909090909e-05;3.789700010003573;0.0436404636108432
0.0001;3.785700010003564;0.04375651212148015
