0.1;0.001;0.001;0;0
0.2;0.000999968;0.000999999;2.5e-06;2.5e-06
0.3;0.000999904;0.000999992;9e-06;9e-06
0.4;0.000999813;0.000999981;2.15e-05;2.15e-05
0.5;0.000999694;0.000999967;4.2e-05;4.2e-05
0.6;0.000999549;0.000999949;7.25e-05;7.25e-05
0.7;0.000999377;0.000999928;0.000115;0.000115
0.8;0.000999178;0.000999904;0.0001715;0.0001715
0.9;0.000998952;0.000999876;0.000244;0.000244
1;0.0009987;0.000999845;0.0003345;0.0003345
1.1;0.000998421;0.00099981;0.000445;0.000445
1.2;0.000998115;0.000999772;0.0005775;0.0005775
1.3;0.000997783;0.00099973;0.000734;0.000734
1.4;0.000997424;0.000999686;0.0009165;0.0009165
1.5;0.000997038;0.000999638;0.001127;0.001127
1.6;0.000996626;0.000999586;0.0013675;0.0013675
1.7;0.000996188;0.000999531;0.00164;0.00164
1.8;0.000995723;0.000999473;0.0019465;0.0019465
1.9;0.000995232;0.000999412;0.002289;0.002289
2;0.000994714;0.000999347;0.0026695;0.0026695
2.1;0.00099417;0.000999279;0.00309;0.00309
2.2;0.0009936;0.000999207;0.0035525;0.0035525
2.3;0.000993003;0.000999132;0.004059;0.004059
2.4;0.00099238;0.000999054;0.0046115;0.0046115
2.5;0.000991731;0.000998973;0.005212;0.005212
2.6;0.000991055;0.000998888;0.0058625;0.0058625
2.7;0.000990354;0.0009988;0.006565;0.006565
2.8;0.000989626;0.000998708;0.0073215;0.0073215
2.9;0.000988873;0.000998613;0.008134;0.008134
3;0.000988093;0.000998515;0.0090045;0.0090045
3.1;0.000987287;0.000998413;0.009935;0.009935
3.2;0.000986456;0.000998308;0.0109275;0.0109275
3.3;0.000985598;0.0009982;0.011984;0.011984
3.4;0.000984715;0.000998089;0.0131065;0.0131065
3.5;0.000983806;0.000997974;0.014297;0.014297
3.6;0.000982871;0.000997855;0.0155575;0.0155575
3.7;0.000981911;0.000997734;0.01689;0.01689
3.8;0.000980925;0.000997609;0.0182965;0.0182965
3.9;0.000979914;0.000997481;0.019779;0.019779
4;0.000978877;0.000997349;0.0213395;0.0213395
4.1;0.000977814;0.000997214;0.02298;0.02298
4.2;0.000976726;0.000997076;0.0247025;0.0247025
4.3;0.000975613;0.000996934;0.026509;0.026509
4.4;0.000974475;0.000996789;0.0284015;0.0284015
4.5;0.000973312;0.000996641;0.030382;0.030382
4.6;0.000972123;0.00099649;0.0324525;0.0324525
4.7;0.000970909;0.000996335;0.034615;0.034615
4.8;0.000969671;0.000996176;0.0368715;0.0368715
4.9;0.000968408;0.000996015;0.039224;0.039224
5;0.000967119;0.00099585;0.0416745;0.0416745
5.1;0.000965806;0.000995682;0.044225;0.044225
5.2;0.000964469;0.00099551;0.0468775;0.0468775
5.3;0.000963106;0.000995335;0.049634;0.049634
5.4;0.00096172;0.000995157;0.0524965;0.0524965
5.5;0.000960309;0.000994975;0.055467;0.055467
5.6;0.000958873;0.00099479;0.0585475;0.0585475
5.7;0.000957413;0.000994602;0.06174;0.06174
5.8;0.000955929;0.00099441;0.0650465;0.0650465
5.9;0.000954421;0.000994215;0.068469;0.068469
6;0.000952889;0.000994017;0.0720095;0.0720095
6.1;0.000951333;0.000993816;0.07567;0.07567
6.2;0.000949753;0.000993611;0.0794525;0.0794525
6.3;0.00094815;0.000993402;0.083359;0.083359
6.4;0.000946522;0.000993191;0.0873915;0.0873915
6.5;0.000944872;0.000992976;0.091552;0.091552
6.6;0.000943197;0.000992758;0.0958425;0.0958425
6.7;0.0009415;0.000992536;0.100265;0.100265
6.8;0.000939779;0.000992311;0.104821;0.104821
6.9;0.000938034;0.000992083;0.109514;0.109514
7;0.000936267;0.000991851;0.114344;0.114344
7.1;0.000934477;0.000991616;0.119315;0.119315
7.2;0.000932664;0.000991378;0.124427;0.124427
7.3;0.000930828;0.000991136;0.129684;0.129684
7.4;0.000928969;0.000990891;0.135086;0.135086
7.5;0.000927088;0.000990643;0.140637;0.140637
7.6;0.000925184;0.000990391;0.146338;0.146338
7.7;0.000923258;0.000990136;0.15219;0.15219
7.8;0.000921309;0.000989878;0.158197;0.158197
7.9;0.000919338;0.000989616;0.164359;0.164359
8;0.000917346;0.000989351;0.17068;0.17068
8.1;0.000915331;0.000989083;0.17716;0.17716
8.2;0.000913294;0.000988812;0.183803;0.183803
8.3;0.000911236;0.000988537;0.190609;0.190609
8.4;0.000909156;0.000988258;0.197581;0.197581
8.5;0.000907054;0.000987977;0.204722;0.204722
8.6;0.000904931;0.000987692;0.212032;0.212032
8.7;0.000902787;0.000987403;0.219515;0.219515
8.8;0.000900621;0.000987112;0.227171;0.227171
8.9;0.000898435;0.000986817;0.235004;0.235004
9;0.000896227;0.000986519;0.243014;0.243014
9.1;0.000893999;0.000986217;0.251205;0.251205
9.2;0.000891749;0.000985912;0.259578;0.259578
9.3;0.000889479;0.000985604;0.268134;0.268134
9.4;0.000887189;0.000985292;0.276877;0.276877
9.5;0.000884878;0.000984977;0.285807;0.285807
9.6;0.000882547;0.000984659;0.294928;0.294928
9.7;0.000880196;0.000984337;0.30424;0.30424
9.8;0.000877825;0.000984012;0.313747;0.313747
9.9;0.000875434;0.000983684;0.323449;0.323449
10;0.000873023;0.000983352;0.33335;0.33335
10.1;0.000870592;0.000983017;0.34345;0.34345
10.2;0.000868142;0.000982679;0.353753;0.353753
10.3;0.000865672;0.000982337;0.364259;0.364259
10.4;0.000863183;0.000981992;0.374972;0.374972
10.5;0.000860675;0.000981644;0.385892;0.385892
10.6;0.000858148;0.000981292;0.397023;0.397023
10.7;0.000855601;0.000980937;0.408365;0.408365
10.8;0.000853036;0.000980579;0.419922;0.419922
10.9;0.000850453;0.000980218;0.431694;0.431694
11;0.00084785;0.000979853;0.443685;0.443685
11.1;0.00084523;0.000979484;0.455895;0.455895
11.2;0.000842591;0.000979113;0.468328;0.468328
11.3;0.000839934;0.000978738;0.480984;0.480984
11.4;0.000837258;0.000978359;0.493867;0.493867
11.5;0.000834565;0.000977978;0.506977;0.506977
11.6;0.000831854;0.000977593;0.520318;0.520318
11.7;0.000829125;0.000977204;0.53389;0.53389
11.8;0.000826379;0.000976813;0.547697;0.547697
11.9;0.000823615;0.000976418;0.561739;0.561739
12;0.000820834;0.000976019;0.57602;0.57602
12.1;0.000818036;0.000975618;0.59054;0.59054
12.2;0.000815221;0.000975213;0.605303;0.605303
12.3;0.000812389;0.000974805;0.620309;0.620309
12.4;0.00080954;0.000974393;0.635562;0.635562
12.5;0.000806674;0.000973978;0.651062;0.651062
12.6;0.000803792;0.00097356;0.666813;0.666813
12.7;0.000800894;0.000973138;0.682815;0.682815
12.8;0.000797979;0.000972713;0.699072;0.699072
12.9;0.000795048;0.000972285;0.715584;0.715584
13;0.000792101;0.000971853;0.732355;0.732355
13.1;0.000789139;0.000971418;0.749385;0.749385
13.2;0.00078616;0.00097098;0.766678;0.766678
13.3;0.000783166;0.000970538;0.784234;0.784234
13.4;0.000780157;0.000970093;0.802057;0.802057
13.5;0.000777132;0.000969645;0.820147;0.820147
13.6;0.000774092;0.000969193;0.838508;0.838508
13.7;0.000771036;0.000968738;0.85714;0.85714
13.8;0.000767966;0.00096828;0.876047;0.876047
13.9;0.000764881;0.000967818;0.895229;0.895229
14;0.000761781;0.000967353;0.91469;0.91469
14.1;0.000758667;0.000966885;0.93443;0.93443
14.2;0.000755538;0.000966413;0.954453;0.954453
14.3;0.000752395;0.000965938;0.974759;0.974759
14.4;0.000749238;0.00096546;0.995352;0.995352
14.5;0.000746067;0.000964978;1.01623;1.01623
14.6;0.000742882;0.000964493;1.0374;1.0374
14.7;0.000739683;0.000964005;1.05887;1.05887
14.8;0.00073647;0.000963514;1.08062;1.08062
14.9;0.000733244;0.000963019;1.10267;1.10267
15;0.000730004;0.00096252;1.12502;1.12502
15.1;0.000726751;0.000962019;1.14768;1.14768
15.2;0.000723485;0.000961514;1.17063;1.17063
15.3;0.000720206;0.000961005;1.19388;1.19388
15.4;0.000716915;0.000960494;1.21745;1.21745
15.5;0.00071361;0.000959979;1.24132;1.24132
15.6;0.000710292;0.00095946;1.2655;1.2655
15.7;0.000706963;0.000958939;1.28999;1.28999
15.8;0.00070362;0.000958414;1.3148;1.3148
15.9;0.000700266;0.000957885;1.33992;1.33992
16;0.000696899;0.000957354;1.36536;1.36536
16.1;0.000693521;0.000956819;1.39112;1.39112
16.2;0.00069013;0.00095628;1.4172;1.4172
16.3;0.000686728;0.000955739;1.44361;1.44361
16.4;0.000683314;0.000955194;1.47034;1.47034
16.5;0.000679888;0.000954646;1.4974;1.4974
16.6;0.000676451;0.000954094;1.52479;1.52479
16.7;0.000673003;0.000953539;1.55252;1.55252
16.8;0.000669544;0.000952981;1.58057;1.58057
16.9;0.000666074;0.000952419;1.60896;1.60896
17;0.000662593;0.000951854;1.63769;1.63769
17.1;0.000659101;0.000951286;1.66677;1.66677
17.2;0.000655598;0.000950714;1.69618;1.69618
17.3;0.000652085;0.000950139;1.72593;1.72593
17.4;0.000648561;0.000949561;1.75604;1.75604
17.5;0.000645027;0.000948979;1.78649;1.78649
17.6;0.000641483;0.000948394;1.81729;1.81729
17.7;0.000637929;0.000947806;1.84844;1.84844
17.8;0.000634365;0.000947214;1.87995;1.87995
17.9;0.000630791;0.000946619;1.91181;1.91181
18;0.000627208;0.000946021;1.94403;1.94403
18.1;0.000623614;0.000945419;1.97661;1.97661
18.2;0.000620012;0.000944814;2.00955;2.00955
18.3;0.0006164;0.000944206;2.04286;2.04286
18.4;0.000612778;0.000943594;2.07653;2.07653
18.5;0.000609148;0.000942979;2.11057;2.11057
18.6;0.000605508;0.000942361;2.14498;2.14498
18.7;0.00060186;0.000941739;2.17977;2.17977
18.8;0.000598202;0.000941114;2.21492;2.21492
18.9;0.000594536;0.000940486;2.25045;2.25045
19;0.000590862;0.000939854;2.28636;2.28636
19.1;0.000587179;0.000939219;2.32266;2.32266
19.2;0.000583487;0.000938581;2.35933;2.35933
19.3;0.000579788;0.000937939;2.39638;2.39638
19.4;0.00057608;0.000937294;2.43383;2.43383
19.5;0.000572364;0.000936646;2.47166;2.47166
19.6;0.00056864;0.000935994;2.50988;2.50988
19.7;0.000564908;0.000935339;2.54849;2.54849
19.8;0.000561169;0.000934681;2.5875;2.5875
19.9;0.000557422;0.00093402;2.6269;2.6269
20;0.000553667;0.000933355;2.6667;2.6667
20.1;0.000549905;0.000932686;2.7069;2.7069
20.2;0.000546136;0.000932015;2.7475;2.7475
20.3;0.000542359;0.00093134;2.78851;2.78851
20.4;0.000538575;0.000930661;2.82992;2.82992
20.5;0.000534784;0.00092998;2.87174;2.87174
20.6;0.000530986;0.000929295;2.91397;2.91397
20.7;0.000527182;0.000928606;2.95662;2.95662
20.8;0.00052337;0.000927915;2.99967;2.99967
20.9;0.000519552;0.00092722;3.04314;3.04314
21;0.000515727;0.000926521;3.08703;3.08703
21.1;0.000511896;0.00092582;3.13135;3.13135
21.2;0.000508059;0.000925115;3.17608;3.17608
21.3;0.000504215;0.000924406;3.22123;3.22123
21.4;0.000500365;0.000923695;3.26682;3.26682
21.5;0.000496508;0.00092298;3.31283;3.31283
21.6;0.000492646;0.000922261;3.35927;3.35927
21.7;0.000488778;0.00092154;3.40614;3.40614
21.8;0.000484904;0.000920815;3.45345;3.45345
21.9;0.000481024;0.000920086;3.50119;3.50119
22;0.000477138;0.000919355;3.54937;3.54937
22.1;0.000473247;0.00091862;3.59799;3.59799
22.2;0.00046935;0.000917882;3.64705;3.64705
22.3;0.000465448;0.00091714;3.69656;3.69656
22.4;0.000461541;0.000916395;3.74651;3.74651
22.5;0.000457628;0.000915647;3.79691;3.79691
22.6;0.00045371;0.000914895;3.84776;3.84776
22.7;0.000449786;0.00091414;3.89906;3.89906
22.8;0.000445858;0.000913382;3.95082;3.95082
22.9;0.000441924;0.00091262;4.00303;4.00303
23;0.000437986;0.000911855;4.0557;4.0557
23.1;0.000434043;0.000911087;4.10884;4.10884
23.2;0.000430095;0.000910315;4.16243;4.16243
23.3;0.000426142;0.00090954;4.21648;4.21648
23.4;0.000422185;0.000908762;4.27101;4.27101
23.5;0.000418223;0.00090798;4.326;4.326
23.6;0.000414256;0.000907195;4.38146;4.38146
23.7;0.000410285;0.000906407;4.43739;4.43739
23.8;0.00040631;0.000905615;4.4938;4.4938
23.9;0.00040233;0.00090482;4.55068;4.55068
24;0.000398346;0.000904022;4.60804;4.60804
24.1;0.000394358;0.00090322;4.66588;4.66588
24.2;0.000390365;0.000902415;4.7242;4.7242
24.3;0.000386369;0.000901607;4.78301;4.78301
24.4;0.000382368;0.000900795;4.8423;4.8423
24.5;0.000378363;0.00089998;4.90208;4.90208
24.6;0.000374355;0.000899162;4.96235;4.96235
24.7;0.000370342;0.00089834;5.02311;5.02311
24.8;0.000366326;0.000897515;5.08437;5.08437
24.9;0.000362305;0.000896687;5.14612;5.14612
25;0.000358281;0.000895855;5.20837;5.20837
25.1;0.000354253;0.00089502;5.27112;5.27112
25.2;0.000350222;0.000894182;5.33438;5.33438
25.3;0.000346187;0.00089334;5.39813;5.39813
25.4;0.000342148;0.000892495;5.4624;5.4624
25.5;0.000338105;0.000891647;5.52717;5.52717
25.6;0.00033406;0.000890795;5.59245;5.59245
25.7;0.00033001;0.00088994;5.65824;5.65824
25.8;0.000325957;0.000889082;5.72455;5.72455
25.9;0.000321901;0.00088822;5.79137;5.79137
26;0.000317841;0.000887355;5.85871;5.85871
26.1;0.000313778;0.000886487;5.92657;5.92657
26.2;0.000309711;0.000885615;5.99495;5.99495
26.3;0.000305641;0.00088474;6.06386;6.06386
26.4;0.000301568;0.000883862;6.13329;6.13329
26.5;0.000297491;0.00088298;6.20325;6.20325
26.6;0.000293411;0.000882095;6.27374;6.27374
26.7;0.000289328;0.000881207;6.34476;6.34476
26.8;0.000285242;0.000880316;6.41632;6.41632
26.9;0.000281152;0.000879421;6.48841;6.48841
27;0.000277059;0.000878522;6.56104;6.56104
27.1;0.000272963;0.000877621;6.63421;6.63421
27.2;0.000268863;0.000876716;6.70793;6.70793
27.3;0.000264761;0.000875807;6.78218;6.78218
27.4;0.000260655;0.000874896;6.85699;6.85699
27.5;0.000256545;0.000873981;6.93234;6.93234
27.6;0.000252433;0.000873062;7.00824;7.00824
27.7;0.000248317;0.000872141;7.08469;7.08469
27.8;0.000244198;0.000871216;7.1617;7.1617
27.9;0.000240076;0.000870287;7.23926;7.23926
28;0.00023595;0.000869356;7.31738;7.31738
28.1;0.000231821;0.000868421;7.39606;7.39606
28.2;0.000227689;0.000867482;7.4753;7.4753
28.3;0.000223554;0.000866541;7.55511;7.55511
28.4;0.000219415;0.000865596;7.63548;7.63548
28.5;0.000215272;0.000864647;7.71642;7.71642
28.6;0.000211126;0.000863696;7.79793;7.79793
28.7;0.000206977;0.000862741;7.88001;7.88001
28.8;0.000202824;0.000861782;7.96267;7.96267
28.9;0.000198668;0.000860821;8.0459;8.0459
29;0.000194508;0.000859856;8.12971;8.12971
29.1;0.000190344;0.000858887;8.2141;8.2141
29.2;0.000186177;0.000857916;8.29908;8.29908
29.3;0.000182006;0.000856941;8.38463;8.38463
29.4;0.00017783;0.000855962;8.47078;8.47078
29.5;0.000173652;0.000854981;8.55751;8.55751
29.6;0.000169469;0.000853996;8.64483;8.64483
29.7;0.000165282;0.000853008;8.73274;8.73274
29.8;0.000161091;0.000852016;8.82125;8.82125
29.9;0.000156895;0.000851021;8.91035;8.91035
30;0.000152696;0.000850023;9.00005;9.00005
30.1;0.000148492;0.000849021;9.09035;9.09035
30.2;0.000144283;0.000848016;9.18125;9.18125
30.3;0.00014007;0.000847008;9.27276;9.27276
30.4;0.000135853;0.000845996;9.36487;9.36487
30.5;0.00013163;0.000844981;9.45759;9.45759
30.6;0.000127403;0.000843963;9.55092;9.55092
30.7;0.00012317;0.000842941;9.64486;9.64486
30.8;0.000118933;0.000841916;9.73942;9.73942
30.9;0.00011469;0.000840888;9.83459;9.83459
31;0.000110441;0.000839856;9.93038;9.93038
31.1;0.000106187;0.000838821;10.0268;10.0268
31.2;0.000101927;0.000837783;10.1238;10.1238
31.3;9.76615e-05;0.000836741;10.2215;10.2215
31.4;9.33896e-05;0.000835696;10.3198;10.3198
31.5;8.91114e-05;0.000834648;10.4187;10.4187
31.6;8.48268e-05;0.000833596;10.5182;10.5182
31.7;8.05354e-05;0.000832541;10.6184;10.6184
31.8;7.62371e-05;0.000831483;10.7192;10.7192
31.9;7.19317e-05;0.000830421;10.8206;10.8206
32;6.76189e-05;0.000829356;10.9227;10.9227
32.1;6.32985e-05;0.000828288;11.0254;11.0254
32.2;5.89703e-05;0.000827216;11.1288;11.1288
32.3;5.46339e-05;0.000826141;11.2328;11.2328
32.4;5.02892e-05;0.000825063;11.3375;11.3375
32.5;4.59357e-05;0.000823981;11.4428;11.4428
32.6;4.15732e-05;0.000822896;11.5487;11.5487
32.7;3.72013e-05;0.000821808;11.6553;11.6553
32.8;3.28198e-05;0.000820716;11.7626;11.7626
32.9;2.84283e-05;0.000819621;11.8705;11.8705
33;2.40263e-05;0.000818523;11.9791;11.9791
33.1;1.96135e-05;0.000817421;12.0883;12.0883
33.2;1.51895e-05;0.000816316;12.1982;12.1982
33.3;1.07538e-05;0.000815208;12.3087;12.3087
33.4;6.30606e-06;0.000814096;12.42;12.42
33.5;1.84566e-06;0.000812981;12.5318;12.5318
33.6;-2.62786e-06;0.000811863;12.6444;12.6444
